1.000000 
1.000000 
1.000000 
1.000000 
1.000000 
1.000000 
1.000000 
1.000000 
1.000000 
1.000000 
1.000000 
1.000000 
1.000000 
1.000000 
1.000000 
1.000000 
1.000000 
1.000000 
1.000000 
1.000000 
1.000000 
1.000000 
1.000000 
1.000000 
1.000000 
1.000000 
1.000000 
1.000000 
1.000000 
1.000000 
1.000000 
1.000000 
1.000000 
1.000000 
1.000000 
1.000000 
1.000000 
1.000000 
1.000000 
1.000000 
1.000000 
1.000000 
1.000000 
1.100000 
1.000000 
1.000000 
1.000000 
1.000000 
1.000000 
1.000000 
