17.500000 
18.200000 
18.400000 
18.700000 
18.000000 
17.700000 
19.400000 
18.700000 
19.400000 
20.800000 
17.500000 
18.000000 
19.300000 
19.300000 
19.000000 
19.600000 
19.000000 
20.000000 
20.100000 
18.000000 
18.600000 
19.000000 
16.700000 
18.700000 
18.700000 
19.000000 
18.200000 
17.500000 
18.300000 
17.600000 
18.300000 
19.500000 
19.500000 
20.000000 
21.000000 
17.700000 
16.300000 
19.100000 
18.200000 
19.000000 
16.900000 
21.000000 
19.100000 
20.500000 
19.200000 
20.000000 
17.700000 
15.700000 
18.700000 
19.300000 
19.000000 
18.800000 
20.400000 
20.500000 
18.200000 
17.000000 
17.800000 
17.300000 
18.000000 
17.400000 
19.000000 
19.600000 
17.400000 
20.200000 
