20.300000 
18.000000 
16.100000 
18.300000 
19.600000 
19.400000 
20.100000 
17.400000 
18.600000 
19.900000 
19.900000 
18.800000 
19.200000 
18.100000 
18.800000 
19.400000 
17.600000 
19.300000 
21.300000 
17.600000 
19.500000 
18.100000 
19.900000 
19.600000 
18.400000 
18.400000 
16.600000 
18.300000 
18.700000 
21.200000 
19.100000 
17.500000 
18.900000 
18.700000 
19.200000 
18.700000 
19.900000 
17.900000 
19.300000 
17.700000 
19.100000 
18.600000 
19.000000 
19.300000 
18.500000 
19.400000 
17.100000 
17.800000 
20.100000 
17.600000 
18.700000 
18.700000 
18.400000 
17.800000 
18.800000 
18.300000 
18.000000 
18.800000 
19.100000 
20.000000 
20.200000 
17.900000 
17.100000 
19.100000 
