19.400000 
20.900000 
20.300000 
18.500000 
18.200000 
17.500000 
18.000000 
18.600000 
21.000000 
18.400000 
18.600000 
17.400000 
18.500000 
17.600000 
18.400000 
18.100000 
17.900000 
16.500000 
18.500000 
20.100000 
19.600000 
19.200000 
15.300000 
18.500000 
17.400000 
19.200000 
17.200000 
18.700000 
16.000000 
16.600000 
19.100000 
19.700000 
20.500000 
18.200000 
19.700000 
19.800000 
17.100000 
19.300000 
19.600000 
18.500000 
20.000000 
17.400000 
18.400000 
19.900000 
20.400000 
18.200000 
19.200000 
18.100000 
18.300000 
18.800000 
20.200000 
19.100000 
17.600000 
18.400000 
20.100000 
19.900000 
16.700000 
20.400000 
18.900000 
17.500000 
19.400000 
18.200000 
17.500000 
17.100000 
