18.300000 
18.100000 
17.900000 
18.000000 
21.500000 
19.600000 
18.800000 
16.100000 
19.000000 
20.100000 
17.700000 
20.900000 
18.000000 
19.900000 
18.100000 
20.200000 
17.600000 
18.900000 
18.800000 
18.900000 
16.900000 
18.000000 
15.600000 
19.400000 
18.100000 
18.000000 
19.500000 
20.600000 
17.500000 
17.800000 
18.300000 
19.000000 
18.400000 
17.700000 
19.000000 
19.100000 
22.000000 
18.900000 
20.600000 
17.500000 
18.400000 
17.500000 
20.300000 
19.100000 
20.900000 
20.300000 
19.100000 
18.700000 
18.500000 
16.600000 
19.300000 
17.800000 
20.300000 
21.200000 
19.400000 
17.200000 
20.400000 
19.100000 
18.100000 
18.900000 
17.800000 
19.400000 
18.200000 
16.400000 
