20.100000 
17.700000 
17.300000 
21.100000 
21.000000 
19.300000 
18.400000 
16.800000 
17.700000 
19.400000 
18.500000 
19.600000 
18.700000 
18.600000 
21.300000 
17.900000 
17.300000 
17.200000 
20.200000 
17.000000 
18.100000 
17.800000 
18.800000 
21.600000 
16.200000 
17.700000 
20.300000 
17.600000 
17.500000 
16.600000 
18.300000 
20.700000 
17.100000 
18.500000 
19.500000 
16.600000 
20.500000 
20.300000 
19.900000 
19.400000 
19.400000 
16.700000 
18.100000 
20.300000 
19.400000 
19.600000 
19.200000 
18.600000 
19.100000 
18.600000 
19.500000 
18.400000 
19.600000 
20.600000 
18.700000 
18.600000 
18.100000 
20.700000 
17.100000 
18.600000 
17.900000 
17.500000 
19.400000 
19.600000 
