18.900000 
19.800000 
18.600000 
18.700000 
20.400000 
18.200000 
19.100000 
19.200000 
19.000000 
18.400000 
19.700000 
19.000000 
18.900000 
18.900000 
19.100000 
18.300000 
19.200000 
19.700000 
18.300000 
18.900000 
18.000000 
17.900000 
17.600000 
17.100000 
18.300000 
17.700000 
19.900000 
20.300000 
19.400000 
21.700000 
17.800000 
17.700000 
20.000000 
19.700000 
16.100000 
19.600000 
17.900000 
18.600000 
18.600000 
17.800000 
16.300000 
20.000000 
19.600000 
19.000000 
19.300000 
18.000000 
17.700000 
18.000000 
16.700000 
18.100000 
21.000000 
19.200000 
20.200000 
20.900000 
20.100000 
15.900000 
19.400000 
18.900000 
18.100000 
19.100000 
18.100000 
17.600000 
21.100000 
19.100000 
