# Instances which result in infeasibilities in the instance generation for each distribution and scenario
# ---------------------------------------------------------------------------------------------------------

# Uniform Distribution - Scenario 1

let C[1]:= {1,3,4,5,7,12,13,15,16,17,18,19,21,23,24};
let C[2]:= {1,2,3,4,5,6,7,8,9,10,11,12,13,14,15};
let C[3]:= {1,2,3,4,5,6,7,8,9,10,11,12,13,14,15};
let C[4]:= {1,2,3,4,5,6,7,8,9,10,11,12,13,14,15};
let C[5]:= {1,2,3,4,5,6,7,8,9,10,11,12,13,14,15};
let C[6]:= {1,2,3,4,5,6,7,8,9,10,11,12,13,14,15};
let C[7]:= {1,2,3,4,5,6,7,8,9,10,11,12,13,14,15};
let C[8]:= {1,2,3,4,5,6,7,8,9,10,11,12,13,14,15};
let C[9]:= {1,2,3,4,5,6,7,8,9,10,11,12,13,14,15};

#--------------------------------------------------------------------------

# Normal Distribution - Scenario 1

let C[1]:= {1,3,5,6,10,15,23,26,27,28,30,32,33,34,35};
let C[2]:= {1,3,7,8,9,11,13,16,17,18,21,23,24,25,28};
let C[3]:= {1,2,3,4,5,6,7,8,9,10,11,12,13,14,15};
let C[4]:= {1,2,3,4,5,6,7,8,9,10,11,12,13,14,15};
let C[5]:= {1,2,3,4,5,6,7,8,9,10,11,12,13,14,15};
let C[6]:= {1,2,3,4,5,6,7,8,9,10,11,12,13,14,15};
let C[7]:= {1,2,3,4,5,6,7,8,9,10,11,12,13,14,15};
let C[8]:= {1,2,3,4,5,6,7,8,9,10,11,12,13,14,15};
let C[9]:= {1,2,3,4,5,6,7,8,9,10,11,12,13,14,15};

#--------------------------------------------------------------------------

# Poisson Distribution - Scenario 1

let C[1]:= {1,7,8,9,13,15,17,21,24,25,26,27,28,29,30};
let C[2]:= {1,2,3,4,5,6,7,8,9,10,12,13,14,15,16};
let C[3]:= {1,2,3,4,5,6,7,8,10,11,12,13,14,15,16};
let C[4]:= {1,2,3,4,5,6,7,8,9,10,11,12,13,14,15};
let C[5]:= {1,2,3,4,5,6,7,8,9,10,11,12,13,14,15};
let C[6]:= {1,2,3,4,5,6,7,8,9,10,11,12,13,14,15};
let C[7]:= {1,2,3,4,5,6,7,8,9,10,11,12,13,14,15};
let C[8]:= {1,2,3,4,5,6,7,8,9,11,12,13,14,15,16};
let C[9]:= {1,2,3,4,5,6,7,8,9,10,11,12,13,14,15};

#--------------------------------------------------------------------------

# Uniform Distribution - Scenario 2

let C[1]:= {3,4,5,6,8,9,10,11,12,15,17,18,21,22,23};
let C[2]:= {1,2,3,4,5,6,9,10,11,12,14,15,16,18,19};
let C[3]:= {1,2,4,5,6,7,8,9,10,11,12,13,14,15,16};
let C[4]:= {1,2,3,4,5,6,7,8,9,10,11,12,13,14,15};
let C[5]:= {1,2,3,4,5,6,7,8,9,10,11,12,13,14,15};
let C[6]:= {1,2,3,4,5,6,7,8,9,10,11,12,13,14,15};
let C[7]:= {1,2,3,4,5,6,7,8,9,10,11,12,13,14,15};
let C[8]:= {1,2,3,4,5,6,7,8,9,10,11,12,13,14,15};
let C[9]:= {38,51,63,66,125,154,179,183,191,195,216,225,263,264,279};

#--------------------------------------------------------------------------

# Normal Distribution - Scenario 2

let C[1]:= {1,14,15,20,34,45,53,58,61,64,65,66,80,81,90};
let C[2]:= {1,2,4,6,7,11,14,15,16,20,22,25,28,30,31};
let C[3]:= {2,3,4,5,6,7,8,9,13,14,16,17,18,19,20};
let C[4]:= {1,3,4,6,7,8,9,11,12,15,16,17,18,19,20};
let C[5]:= {1,2,3,4,5,6,7,8,9,10,11,12,13,16,17};
let C[6]:= {1,2,3,4,5,6,7,8,9,10,11,12,13,14,15};
let C[7]:= {1,2,4,5,6,7,8,9,10,11,12,13,14,15,16};
let C[8]:= {1,2,3,4,5,6,7,8,9,10,11,12,13,14,15};
let C[9]:= {1,2,3,4,5,6,7,8,9,10,11,12,13,14,15};

#--------------------------------------------------------------------------

# Poisson Distribution - Scenario 2

let C[1]:= {73,115,551,856,1496,2110,2390,2710,2985,3321,3521,5106,6675,6972,7097};
let C[2]:= {6,7,13,19,22,23,26,27,32,38,39,49,56,57,58};
let C[3]:= {1,9,11,12,13,16,17,19,20,25,27,29,33,36,37};
let C[4]:= {3,5,7,8,9,13,14,17,19,21,22,23,27,28,29};
let C[5]:= {1,2,4,5,7,9,10,11,13,14,16,17,18,22,23};
let C[6]:= {1,4,6,7,9,10,11,13,14,15,16,17,19,20,21};
let C[7]:= {1,3,4,5,8,10,12,13,14,17,19,20,21,23,24};
let C[8]:= {1,2,3,4,5,6,7,8,10,11,13,14,15,16,17};
let C[9]:= {4,5,8,11,15,16,19,22,23,24,28,29,30,31,33};

#--------------------------------------------------------------------------

# Uniform Distribution - Scenario 3

let C[1]:= {3,4,8,9,10,12,13,20,22,23,24,25,26,31,33};
let C[2]:= {1,2,3,4,5,6,7,8,9,10,11,12,13,14,16};
let C[3]:= {1,2,3,4,6,7,8,9,10,11,12,13,14,15,16};
let C[4]:= {1,2,3,4,5,6,7,8,9,10,11,12,13,14,15};
let C[5]:= {1,2,3,4,6,7,8,9,10,11,12,13,14,15,16};
let C[6]:= {1,2,3,4,5,6,7,8,9,10,11,12,13,14,15};
let C[7]:= {1,2,3,4,5,6,7,8,9,10,11,12,13,14,15};
let C[8]:= {1,2,3,4,5,6,7,8,9,10,11,12,13,14,15};
let C[9]:= {2,3,4,5,6,7,9,10,11,12,14,15,16,17,18};

#--------------------------------------------------------------------------

# Normal Distribution - Scenario 3

let C[1]:= {1,63,79,84,101,115,127,148,167,189,226,236,247,251,260};
let C[2]:= {2,3,7,8,9,14,17,20,22,26,27,28,29,30,31};
let C[3]:= {1,2,3,4,5,7,10,12,13,14,15,17,19,20,22};
let C[4]:= {2,3,4,5,7,8,9,10,12,13,14,15,16,17,18};
let C[5]:= {1,2,3,4,5,6,7,8,9,10,11,12,13,14,15};
let C[6]:= {1,2,3,4,5,6,7,8,9,10,11,12,13,14,15};
let C[7]:= {1,3,4,5,6,8,9,10,11,12,13,15,16,17,18};
let C[8]:= {1,2,3,4,5,6,7,8,9,10,11,12,13,14,15};
let C[9]:= {1,2,3,4,5,6,7,8,9,10,11,12,13,14,15};

#--------------------------------------------------------------------------

# Poisson Distribution - Scenario 3

let C[1]:= {27,71,269,271,274,311,400,427,432,448,629,686,695,712,835};
let C[2]:= {20,51,58,59,80,112,146,168,184,193,204,206,274,299,342};
let C[3]:= {12,16,18,23,39,40,42,46,47,60,63,68,72,85,86};
let C[4]:= {1,5,6,10,11,13,19,22,31,36,41,44,47,48,49};
let C[5]:= {8,10,16,17,18,23,27,28,32,37,38,50,54,57,59};
let C[6]:= {1,4,5,7,8,12,13,14,16,17,19,24,28,30,31};
let C[7]:= {2,4,10,11,12,13,14,15,18,21,22,25,27,29,30};
let C[8]:= {2,3,4,5,6,9,10,11,12,14,18,20,30,31,34};
let C[9]:= {1,2,3,4,6,7,8,9,10,11,12,13,14,16,21};
