4.900000 
4.500000 
3.300000 
5.900000 
5.300000 
4.300000 
3.300000 
5.600000 
3.800000 
3.900000 
3.200000 
5.400000 
3.200000 
2.600000 
2.900000 
3.000000 
4.700000 
3.800000 
5.700000 
3.700000 
4.100000 
4.400000 
5.900000 
4.800000 
5.200000 
2.800000 
5.300000 
3.700000 
3.600000 
3.100000 
5.600000 
2.900000 
5.500000 
2.800000 
3.100000 
4.300000 
4.800000 
5.200000 
4.400000 
3.200000 
3.300000 
4.600000 
4.400000 
5.200000 
4.600000 
3.300000 
3.400000 
4.200000 
3.300000 
3.800000 
5.600000 
4.900000 
3.100000 
4.900000 
5.500000 
3.400000 
5.600000 
3.200000 
2.700000 
5.200000 
5.100000 
3.300000 
3.300000 
5.200000 
5.800000 
4.400000 
5.000000 
5.500000 
4.200000 
4.400000 
4.600000 
3.000000 
5.600000 
4.800000 
5.800000 
4.300000 
4.900000 
4.600000 
5.200000 
2.800000 
4.200000 
3.200000 
4.700000 
5.700000 
4.800000 
5.300000 
2.900000 
3.100000 
5.300000 
4.500000 
3.900000 
5.500000 
3.900000 
4.900000 
3.300000 
3.000000 
2.800000 
3.700000 
4.000000 
3.000000 
5.800000 
3.900000 
5.600000 
2.700000 
3.400000 
4.100000 
4.300000 
3.000000 
5.700000 
5.700000 
5.300000 
5.500000 
5.700000 
5.900000 
2.800000 
3.000000 
4.100000 
4.100000 
5.100000 
2.600000 
5.300000 
4.800000 
3.200000 
4.600000 
5.400000 
4.200000 
3.100000 
4.500000 
5.400000 
5.700000 
4.300000 
4.000000 
4.300000 
3.100000 
3.000000 
3.000000 
5.100000 
4.800000 
5.800000 
3.400000 
4.200000 
5.900000 
2.700000 
5.800000 
2.900000 
3.600000 
5.100000 
5.500000 
5.200000 
5.300000 
2.900000 
5.200000 
3.200000 
3.100000 
4.800000 
5.800000 
3.500000 
4.100000 
5.900000 
4.700000 
2.900000 
4.000000 
3.100000 
5.300000 
4.000000 
4.500000 
3.300000 
3.400000 
2.900000 
5.000000 
5.500000 
3.000000 
3.400000 
5.600000 
5.900000 
5.700000 
3.900000 
3.400000 
2.900000 
4.500000 
5.900000 
5.200000 
4.600000 
3.400000 
4.200000 
4.300000 
3.300000 
4.200000 
4.200000 
3.400000 
4.800000 
5.400000 
3.400000 
5.800000 
5.600000 
2.700000 
5.700000 
5.200000 
4.600000 
4.700000 
5.300000 
3.500000 
5.500000 
3.600000 
4.000000 
4.200000 
3.100000 
3.800000 
5.200000 
4.100000 
5.700000 
3.600000 
4.300000 
4.700000 
5.800000 
4.900000 
3.900000 
5.900000 
4.900000 
4.700000 
5.500000 
5.100000 
5.900000 
3.400000 
3.800000 
