8.100000 
9.900000 
8.500000 
9.200000 
5.400000 
7.300000 
9.100000 
7.200000 
8.200000 
6.000000 
5.300000 
11.100000 
8.700000 
9.000000 
9.100000 
9.500000 
10.300000 
10.600000 
5.900000 
8.300000 
9.700000 
6.100000 
5.400000 
7.200000 
7.800000 
8.700000 
8.800000 
9.900000 
11.100000 
10.600000 
10.600000 
5.500000 
10.400000 
9.400000 
8.700000 
6.000000 
7.000000 
5.100000 
9.300000 
10.900000 
7.900000 
9.100000 
9.100000 
7.900000 
8.800000 
8.800000 
6.700000 
7.300000 
6.800000 
9.100000 
6.000000 
5.700000 
5.400000 
9.800000 
10.700000 
9.800000 
7.500000 
10.500000 
10.700000 
5.100000 
7.300000 
9.600000 
10.400000 
11.000000 
