10.900000 
10.000000 
7.400000 
8.500000 
8.000000 
9.400000 
10.400000 
5.500000 
8.900000 
6.200000 
7.900000 
6.600000 
8.900000 
6.700000 
5.300000 
10.200000 
7.400000 
7.100000 
9.000000 
5.500000 
10.700000 
9.700000 
6.100000 
5.800000 
10.000000 
8.900000 
7.000000 
8.200000 
6.700000 
8.400000 
6.500000 
9.000000 
8.000000 
7.900000 
6.000000 
5.400000 
5.400000 
6.000000 
8.900000 
10.400000 
6.200000 
11.100000 
7.600000 
5.200000 
9.200000 
8.700000 
10.000000 
8.800000 
10.200000 
8.600000 
8.200000 
6.800000 
9.700000 
9.900000 
6.600000 
9.700000 
7.100000 
6.100000 
6.400000 
10.900000 
9.300000 
6.600000 
11.000000 
9.300000 
