5.700000 
8.000000 
9.700000 
6.000000 
10.400000 
8.100000 
9.800000 
10.100000 
10.100000 
5.000000 
9.800000 
6.300000 
9.100000 
9.200000 
11.100000 
7.600000 
5.800000 
8.200000 
6.300000 
5.400000 
7.700000 
9.500000 
11.200000 
5.500000 
10.400000 
6.700000 
11.100000 
5.400000 
9.800000 
5.100000 
9.000000 
6.500000 
5.600000 
10.000000 
9.600000 
5.900000 
5.300000 
6.600000 
8.200000 
5.400000 
10.400000 
10.700000 
8.900000 
7.700000 
8.700000 
8.300000 
9.900000 
8.500000 
10.000000 
8.600000 
7.400000 
6.900000 
7.000000 
6.600000 
5.700000 
9.800000 
11.100000 
5.500000 
6.600000 
10.800000 
10.700000 
5.300000 
9.800000 
5.800000 
