7.400000 
7.100000 
10.600000 
10.100000 
5.200000 
5.300000 
7.200000 
6.400000 
10.700000 
9.600000 
10.100000 
6.600000 
6.400000 
10.800000 
6.700000 
8.800000 
9.700000 
9.700000 
9.600000 
6.900000 
5.900000 
10.200000 
7.700000 
10.500000 
5.000000 
5.900000 
9.900000 
5.700000 
6.600000 
9.300000 
5.200000 
6.600000 
9.000000 
7.100000 
6.800000 
5.800000 
7.400000 
7.000000 
7.700000 
6.500000 
5.900000 
6.500000 
10.700000 
9.700000 
7.900000 
5.800000 
8.200000 
6.700000 
9.400000 
6.000000 
8.100000 
9.000000 
10.700000 
5.400000 
9.900000 
7.900000 
9.100000 
10.800000 
5.200000 
5.000000 
9.800000 
9.900000 
7.600000 
9.400000 
