17.700000 
20.500000 
16.100000 
17.700000 
19.300000 
18.000000 
19.500000 
19.800000 
19.300000 
21.100000 
21.300000 
21.800000 
18.700000 
19.700000 
20.600000 
19.100000 
16.600000 
17.300000 
17.500000 
20.600000 
19.600000 
19.500000 
18.100000 
19.600000 
19.100000 
18.500000 
16.700000 
21.000000 
17.200000 
17.000000 
16.100000 
17.000000 
17.100000 
17.500000 
21.100000 
21.700000 
20.300000 
19.000000 
19.800000 
20.800000 
16.700000 
18.200000 
19.100000 
17.000000 
17.700000 
18.200000 
16.300000 
19.500000 
18.100000 
19.800000 
20.300000 
23.200000 
19.700000 
15.500000 
20.500000 
20.100000 
17.600000 
20.200000 
19.800000 
18.700000 
20.700000 
19.500000 
16.700000 
18.100000 
