20.800000 
19.600000 
17.100000 
19.000000 
14.200000 
18.100000 
20.100000 
17.700000 
17.200000 
17.600000 
19.300000 
19.000000 
19.200000 
19.300000 
19.800000 
19.200000 
17.200000 
17.800000 
21.500000 
19.000000 
18.600000 
19.800000 
19.800000 
16.800000 
19.200000 
19.600000 
17.300000 
16.600000 
16.600000 
18.800000 
16.000000 
21.500000 
18.200000 
17.600000 
16.100000 
16.700000 
17.500000 
19.100000 
19.500000 
17.800000 
23.000000 
18.800000 
18.200000 
19.800000 
20.200000 
18.500000 
18.200000 
21.200000 
19.700000 
20.300000 
18.700000 
20.800000 
19.800000 
18.500000 
20.100000 
18.800000 
22.000000 
21.000000 
19.700000 
20.300000 
19.500000 
18.800000 
19.600000 
21.800000 
