16.100000 
17.500000 
17.800000 
19.500000 
16.500000 
21.100000 
18.200000 
17.100000 
18.800000 
23.600000 
19.100000 
15.600000 
18.600000 
19.600000 
20.200000 
18.200000 
19.200000 
16.600000 
21.200000 
19.600000 
18.100000 
21.100000 
20.600000 
21.000000 
19.800000 
16.700000 
19.100000 
18.300000 
18.100000 
20.600000 
18.000000 
21.300000 
16.300000 
17.000000 
17.000000 
20.600000 
18.600000 
20.200000 
17.200000 
16.600000 
21.000000 
19.300000 
16.500000 
19.500000 
18.300000 
17.200000 
20.200000 
18.000000 
18.300000 
18.200000 
15.200000 
19.600000 
20.300000 
19.000000 
18.500000 
21.200000 
21.100000 
20.800000 
18.500000 
18.600000 
20.200000 
16.000000 
17.800000 
19.200000 
