18.300000 
19.300000 
17.600000 
17.700000 
17.000000 
19.100000 
17.500000 
21.100000 
17.800000 
17.700000 
18.800000 
20.200000 
18.600000 
19.700000 
20.600000 
20.500000 
17.600000 
18.300000 
19.600000 
16.100000 
16.800000 
19.300000 
21.100000 
17.500000 
19.800000 
19.600000 
18.700000 
20.200000 
18.700000 
17.700000 
20.500000 
20.100000 
17.300000 
19.500000 
19.000000 
17.800000 
18.300000 
19.000000 
17.800000 
18.100000 
20.000000 
17.100000 
17.200000 
19.500000 
15.800000 
22.700000 
17.100000 
19.800000 
21.500000 
17.700000 
16.000000 
17.100000 
17.500000 
18.100000 
18.700000 
19.200000 
18.800000 
18.200000 
15.700000 
19.600000 
18.600000 
19.200000 
18.700000 
18.800000 
