18.200000 
18.700000 
15.100000 
17.200000 
16.700000 
18.300000 
19.300000 
18.800000 
18.800000 
20.600000 
19.700000 
19.000000 
18.100000 
18.000000 
21.700000 
17.000000 
18.700000 
18.300000 
17.700000 
16.500000 
17.100000 
17.700000 
17.800000 
22.100000 
18.500000 
16.700000 
19.100000 
19.800000 
17.600000 
19.100000 
21.700000 
19.300000 
15.500000 
18.600000 
15.800000 
22.200000 
18.200000 
18.700000 
20.800000 
19.300000 
19.100000 
16.100000 
19.300000 
18.500000 
21.000000 
18.700000 
22.600000 
17.200000 
20.600000 
17.600000 
19.200000 
17.800000 
18.700000 
18.600000 
19.000000 
19.600000 
19.100000 
18.800000 
19.800000 
17.300000 
17.100000 
21.100000 
20.000000 
19.300000 
