9 
4 
5 
7 
7 
12 
10 
6 
6 
8 
10 
8 
9 
5 
6 
8 
8 
8 
7 
8 
5 
12 
7 
11 
6 
9 
6 
10 
7 
9 
5 
10 
10 
12 
6 
7 
14 
4 
9 
12 
10 
7 
14 
1 
8 
7 
5 
10 
5 
7 
4 
3 
12 
6 
8 
11 
6 
8 
12 
7 
5 
4 
3 
7 
12 
7 
7 
10 
6 
5 
8 
5 
16 
10 
7 
5 
6 
8 
10 
5 
14 
7 
7 
7 
11 
8 
8 
1 
6 
11 
9 
8 
6 
8 
4 
4 
9 
6 
8 
7 
10 
7 
10 
11 
7 
12 
8 
9 
5 
10 
3 
12 
4 
4 
13 
4 
4 
15 
8 
9 
9 
6 
10 
7 
7 
5 
9 
6 
6 
5 
8 
12 
6 
4 
4 
5 
7 
7 
5 
6 
9 
9 
9 
5 
6 
5 
5 
6 
5 
8 
6 
9 
12 
5 
7 
9 
6 
9 
8 
8 
12 
3 
9 
7 
9 
12 
9 
11 
6 
13 
9 
8 
6 
8 
6 
11 
10 
7 
4 
11 
11 
10 
12 
16 
4 
8 
5 
11 
5 
8 
5 
9 
7 
7 
7 
12 
7 
8 
6 
8 
