7 
7 
6 
6 
10 
7 
6 
9 
11 
12 
5 
11 
5 
8 
9 
9 
8 
13 
3 
9 
12 
10 
7 
10 
1 
12 
8 
7 
6 
9 
8 
4 
7 
7 
7 
10 
8 
9 
7 
7 
8 
11 
12 
12 
5 
4 
8 
4 
10 
12 
6 
4 
12 
3 
5 
5 
10 
8 
12 
8 
13 
5 
6 
10 
7 
2 
6 
5 
9 
11 
9 
7 
6 
10 
3 
8 
12 
6 
12 
6 
8 
8 
11 
5 
8 
11 
8 
6 
10 
4 
11 
6 
9 
10 
6 
8 
9 
6 
3 
6 
4 
4 
8 
4 
8 
8 
9 
7 
4 
7 
3 
8 
16 
11 
10 
13 
2 
8 
6 
4 
5 
8 
10 
12 
8 
6 
9 
11 
6 
6 
8 
9 
7 
10 
7 
8 
11 
8 
4 
8 
10 
13 
8 
13 
8 
11 
14 
9 
7 
7 
14 
9 
11 
10 
9 
6 
2 
3 
6 
7 
4 
8 
5 
5 
9 
11 
8 
5 
3 
7 
2 
12 
7 
5 
6 
3 
8 
8 
7 
12 
8 
5 
8 
10 
10 
13 
5 
4 
4 
7 
7 
10 
6 
6 
12 
7 
5 
6 
8 
7 
