9 
5 
12 
8 
8 
11 
11 
10 
7 
12 
6 
5 
9 
8 
9 
10 
8 
8 
9 
10 
5 
8 
9 
17 
10 
6 
8 
5 
7 
7 
11 
9 
9 
12 
8 
11 
13 
3 
8 
6 
10 
5 
5 
6 
6 
14 
9 
4 
9 
10 
9 
4 
10 
9 
11 
5 
7 
13 
7 
4 
6 
12 
10 
8 
9 
7 
8 
11 
5 
8 
6 
3 
10 
6 
6 
5 
6 
11 
10 
7 
8 
9 
9 
13 
6 
9 
8 
4 
11 
6 
8 
3 
12 
7 
8 
13 
9 
11 
7 
10 
9 
11 
10 
10 
16 
7 
4 
3 
9 
10 
5 
6 
6 
6 
12 
8 
8 
9 
6 
5 
4 
4 
5 
7 
7 
8 
4 
5 
7 
8 
5 
11 
8 
13 
5 
9 
7 
8 
4 
6 
6 
9 
6 
5 
9 
11 
9 
3 
8 
5 
5 
5 
7 
10 
7 
7 
8 
11 
12 
6 
11 
8 
7 
6 
6 
10 
12 
8 
9 
12 
5 
5 
11 
14 
11 
5 
9 
9 
2 
5 
8 
6 
5 
7 
7 
6 
2 
9 
8 
14 
7 
5 
8 
10 
9 
6 
11 
6 
2 
6 
