6 
11 
2 
8 
5 
11 
7 
9 
12 
12 
12 
3 
8 
7 
11 
9 
9 
4 
9 
10 
7 
5 
9 
8 
8 
5 
9 
9 
5 
7 
4 
8 
4 
5 
10 
9 
9 
10 
5 
10 
3 
11 
5 
4 
9 
10 
4 
11 
7 
12 
13 
8 
8 
9 
4 
5 
8 
8 
4 
11 
7 
9 
5 
3 
10 
16 
10 
11 
11 
8 
10 
13 
4 
6 
4 
6 
7 
6 
6 
8 
7 
12 
5 
11 
8 
10 
10 
12 
7 
5 
7 
5 
3 
8 
9 
6 
6 
4 
9 
6 
9 
6 
7 
7 
10 
14 
12 
8 
12 
8 
6 
10 
7 
6 
8 
9 
11 
8 
11 
5 
4 
10 
9 
8 
9 
8 
11 
8 
7 
10 
7 
5 
9 
9 
4 
6 
8 
10 
8 
8 
10 
4 
8 
8 
9 
9 
3 
6 
6 
4 
7 
5 
8 
7 
9 
10 
6 
8 
15 
5 
10 
10 
16 
8 
6 
14 
4 
5 
6 
7 
8 
6 
7 
10 
9 
6 
7 
8 
7 
6 
9 
3 
8 
7 
9 
8 
11 
6 
11 
10 
7 
6 
4 
4 
10 
10 
3 
7 
3 
17 
