8 
8 
11 
7 
8 
6 
15 
1 
7 
7 
7 
8 
7 
7 
4 
9 
7 
12 
10 
7 
6 
6 
6 
8 
9 
8 
10 
8 
8 
7 
7 
11 
4 
8 
9 
1 
3 
4 
10 
4 
9 
5 
13 
5 
12 
8 
12 
7 
7 
14 
9 
8 
10 
10 
13 
7 
9 
5 
10 
14 
14 
4 
6 
8 
4 
9 
8 
13 
13 
10 
11 
7 
10 
5 
7 
13 
7 
4 
11 
6 
8 
7 
13 
5 
10 
7 
8 
9 
10 
8 
5 
3 
4 
10 
4 
10 
5 
7 
5 
5 
4 
11 
2 
13 
8 
7 
9 
8 
3 
7 
8 
12 
14 
4 
10 
8 
7 
3 
9 
8 
3 
7 
7 
11 
5 
5 
7 
7 
9 
10 
8 
13 
12 
7 
6 
8 
9 
6 
6 
7 
7 
8 
9 
8 
3 
4 
10 
8 
11 
5 
11 
8 
13 
5 
7 
8 
4 
10 
4 
11 
6 
4 
10 
12 
10 
14 
8 
6 
6 
8 
5 
4 
5 
6 
11 
9 
12 
5 
7 
12 
3 
14 
9 
10 
6 
6 
9 
7 
6 
4 
2 
7 
7 
9 
8 
12 
6 
2 
15 
5 
