5 
9 
8 
8 
6 
12 
4 
9 
7 
5 
7 
10 
11 
5 
5 
6 
4 
9 
5 
11 
9 
9 
9 
12 
7 
6 
14 
2 
5 
14 
4 
6 
6 
13 
11 
11 
8 
3 
3 
7 
4 
8 
2 
9 
8 
11 
7 
7 
14 
8 
10 
9 
6 
8 
9 
7 
7 
12 
10 
14 
9 
5 
9 
5 
10 
6 
8 
9 
11 
5 
12 
6 
7 
6 
4 
6 
12 
14 
6 
9 
10 
5 
10 
9 
8 
6 
4 
9 
8 
7 
6 
7 
9 
7 
10 
8 
10 
14 
10 
7 
12 
10 
6 
7 
10 
7 
7 
5 
6 
8 
7 
9 
4 
16 
11 
10 
10 
12 
6 
8 
3 
11 
11 
3 
8 
15 
7 
7 
4 
13 
11 
10 
6 
8 
6 
9 
7 
5 
12 
6 
6 
8 
6 
4 
1 
11 
6 
13 
9 
14 
7 
15 
10 
14 
9 
13 
6 
9 
10 
7 
10 
4 
5 
6 
5 
8 
4 
5 
7 
4 
9 
10 
10 
3 
6 
7 
4 
3 
15 
4 
8 
5 
7 
8 
7 
5 
10 
6 
12 
4 
9 
9 
5 
5 
6 
6 
11 
6 
11 
5 
