8 
11 
5 
13 
10 
4 
9 
5 
9 
8 
3 
10 
2 
10 
12 
8 
9 
8 
8 
6 
11 
14 
7 
12 
15 
11 
12 
6 
12 
13 
6 
8 
7 
6 
7 
7 
7 
7 
7 
8 
8 
4 
7 
15 
11 
12 
7 
9 
10 
8 
6 
13 
2 
11 
6 
8 
6 
7 
6 
6 
9 
4 
8 
7 
10 
15 
9 
7 
8 
11 
9 
9 
10 
11 
18 
6 
6 
7 
10 
5 
6 
9 
10 
10 
10 
7 
7 
12 
6 
8 
11 
6 
10 
8 
11 
7 
8 
2 
10 
6 
6 
10 
11 
8 
12 
7 
12 
8 
8 
7 
10 
11 
5 
10 
9 
4 
4 
6 
12 
9 
4 
3 
6 
10 
16 
9 
5 
8 
8 
11 
4 
8 
15 
9 
13 
11 
6 
9 
8 
7 
6 
8 
12 
9 
12 
4 
9 
8 
6 
6 
10 
10 
9 
14 
8 
9 
6 
5 
5 
7 
9 
6 
6 
8 
10 
13 
8 
8 
4 
4 
12 
6 
5 
10 
7 
9 
7 
4 
8 
11 
8 
7 
9 
8 
9 
16 
6 
10 
5 
8 
7 
7 
10 
5 
8 
11 
11 
12 
6 
8 
