4 
8 
3 
10 
11 
13 
12 
6 
9 
8 
11 
8 
8 
4 
7 
7 
7 
6 
10 
4 
8 
10 
7 
9 
5 
6 
6 
4 
6 
8 
7 
12 
9 
6 
7 
13 
9 
12 
13 
7 
8 
10 
9 
2 
10 
8 
9 
3 
7 
14 
9 
10 
9 
6 
7 
4 
10 
9 
6 
7 
7 
6 
4 
4 
10 
10 
9 
14 
3 
5 
3 
6 
6 
10 
3 
7 
6 
9 
4 
10 
8 
10 
9 
11 
11 
7 
10 
9 
4 
2 
9 
7 
7 
5 
9 
10 
6 
3 
7 
12 
6 
4 
5 
9 
8 
8 
10 
6 
8 
7 
8 
10 
5 
15 
8 
5 
11 
14 
2 
7 
10 
8 
9 
7 
14 
10 
5 
9 
6 
10 
4 
13 
10 
10 
6 
12 
7 
5 
13 
4 
4 
9 
8 
6 
12 
9 
3 
8 
6 
9 
5 
5 
7 
13 
12 
11 
7 
8 
14 
2 
7 
14 
7 
15 
6 
8 
9 
5 
10 
12 
10 
5 
6 
14 
9 
17 
6 
8 
7 
8 
6 
6 
5 
7 
2 
12 
4 
9 
7 
5 
7 
8 
5 
8 
5 
1 
8 
4 
7 
6 
