8 
5 
11 
10 
7 
12 
9 
8 
4 
5 
8 
11 
11 
13 
8 
11 
10 
10 
7 
7 
8 
7 
13 
5 
12 
15 
7 
3 
12 
8 
8 
7 
4 
10 
9 
9 
9 
4 
4 
8 
6 
9 
6 
13 
8 
7 
4 
9 
4 
6 
8 
10 
7 
5 
3 
12 
5 
10 
12 
5 
13 
8 
4 
10 
6 
5 
9 
11 
9 
3 
10 
7 
6 
8 
9 
8 
6 
8 
4 
6 
10 
2 
8 
6 
4 
10 
3 
7 
7 
12 
12 
9 
11 
5 
9 
5 
14 
12 
11 
7 
6 
3 
8 
5 
11 
7 
11 
4 
7 
7 
8 
7 
13 
6 
9 
9 
13 
7 
10 
4 
3 
5 
5 
8 
7 
8 
5 
8 
7 
6 
7 
10 
6 
4 
13 
11 
12 
7 
4 
9 
6 
10 
11 
9 
5 
3 
7 
6 
9 
5 
10 
7 
6 
7 
11 
6 
6 
7 
14 
6 
6 
6 
9 
12 
6 
11 
5 
7 
7 
12 
10 
12 
4 
8 
10 
5 
3 
6 
10 
6 
11 
9 
14 
11 
7 
9 
7 
5 
9 
7 
9 
13 
8 
10 
8 
8 
10 
10 
11 
6 
