12 
8 
6 
5 
8 
8 
16 
4 
3 
6 
6 
5 
5 
6 
7 
8 
5 
9 
6 
8 
16 
11 
8 
11 
11 
11 
6 
11 
8 
8 
5 
8 
6 
4 
7 
7 
9 
5 
6 
10 
10 
12 
5 
12 
8 
6 
5 
8 
9 
4 
7 
7 
8 
8 
5 
3 
4 
9 
9 
6 
4 
11 
8 
8 
3 
9 
9 
11 
10 
5 
10 
7 
5 
7 
10 
11 
2 
5 
12 
11 
7 
11 
1 
8 
3 
11 
11 
8 
9 
7 
4 
6 
11 
7 
6 
4 
11 
6 
8 
14 
9 
7 
10 
5 
13 
4 
10 
11 
6 
9 
3 
8 
9 
13 
4 
9 
6 
1 
4 
8 
5 
10 
5 
12 
8 
6 
7 
6 
10 
9 
9 
5 
11 
8 
15 
9 
7 
9 
7 
5 
7 
6 
6 
9 
7 
5 
7 
13 
9 
8 
6 
9 
10 
12 
7 
9 
10 
9 
11 
2 
8 
6 
11 
10 
9 
7 
11 
9 
10 
12 
3 
6 
9 
6 
10 
11 
4 
7 
6 
8 
6 
2 
9 
14 
7 
8 
7 
4 
8 
7 
16 
10 
9 
11 
10 
9 
14 
13 
6 
6 
