6 
13 
12 
7 
4 
5 
8 
8 
10 
9 
12 
8 
4 
8 
9 
8 
9 
8 
8 
10 
12 
7 
10 
6 
5 
2 
9 
5 
13 
7 
12 
9 
3 
7 
4 
13 
6 
8 
6 
7 
4 
8 
12 
6 
6 
11 
4 
10 
7 
7 
11 
7 
8 
13 
9 
9 
9 
4 
8 
7 
5 
8 
9 
10 
11 
9 
4 
12 
15 
9 
4 
7 
5 
10 
8 
10 
7 
6 
7 
5 
3 
8 
10 
6 
14 
6 
7 
17 
7 
5 
14 
9 
6 
2 
6 
4 
6 
11 
13 
12 
11 
9 
4 
9 
7 
9 
9 
7 
5 
6 
4 
13 
5 
4 
11 
8 
6 
17 
4 
6 
11 
9 
7 
11 
8 
8 
5 
13 
10 
3 
7 
8 
8 
7 
6 
9 
5 
6 
7 
9 
10 
11 
9 
10 
10 
3 
8 
10 
10 
11 
4 
6 
11 
3 
5 
9 
6 
9 
11 
7 
9 
8 
9 
8 
12 
6 
6 
9 
12 
10 
6 
2 
6 
7 
9 
9 
4 
10 
6 
14 
7 
6 
6 
6 
7 
6 
5 
8 
10 
9 
5 
6 
11 
3 
10 
11 
13 
8 
3 
7 
