9 
5 
6 
6 
8 
7 
7 
2 
9 
10 
6 
6 
9 
8 
3 
3 
10 
7 
7 
12 
8 
12 
6 
9 
8 
8 
10 
9 
13 
8 
8 
11 
2 
12 
8 
9 
10 
8 
11 
8 
9 
5 
11 
7 
6 
8 
6 
5 
8 
9 
10 
9 
7 
10 
7 
9 
6 
6 
6 
9 
8 
4 
12 
5 
8 
8 
8 
13 
10 
11 
8 
12 
8 
10 
6 
4 
10 
5 
7 
8 
7 
11 
9 
9 
11 
12 
12 
10 
3 
7 
5 
8 
6 
10 
7 
9 
6 
9 
12 
11 
8 
6 
4 
10 
10 
7 
11 
2 
9 
12 
7 
5 
7 
8 
3 
11 
9 
5 
9 
8 
9 
8 
4 
5 
9 
11 
9 
6 
4 
9 
14 
8 
11 
6 
10 
12 
7 
12 
8 
7 
8 
7 
6 
8 
6 
5 
1 
6 
6 
6 
7 
8 
5 
8 
11 
4 
5 
9 
6 
10 
2 
7 
5 
5 
10 
3 
8 
6 
11 
7 
9 
13 
6 
8 
5 
8 
11 
7 
9 
11 
9 
10 
11 
9 
7 
8 
4 
4 
7 
5 
8 
8 
7 
12 
7 
4 
10 
11 
5 
7 
