8 
5 
9 
5 
10 
7 
10 
9 
8 
8 
9 
8 
5 
5 
7 
7 
5 
8 
10 
14 
3 
11 
12 
4 
6 
7 
10 
12 
9 
12 
9 
5 
13 
4 
8 
11 
9 
2 
3 
6 
3 
6 
13 
4 
12 
7 
9 
8 
12 
10 
11 
5 
8 
7 
9 
2 
12 
7 
8 
9 
12 
6 
8 
7 
12 
9 
11 
7 
7 
7 
7 
7 
12 
12 
8 
13 
12 
7 
5 
4 
10 
6 
4 
5 
7 
9 
10 
4 
6 
3 
9 
7 
9 
8 
9 
6 
15 
8 
11 
10 
7 
8 
6 
9 
7 
9 
12 
14 
14 
7 
6 
12 
6 
9 
8 
6 
14 
5 
7 
5 
5 
11 
18 
18 
7 
9 
10 
7 
6 
6 
6 
3 
5 
8 
9 
12 
12 
9 
4 
9 
10 
11 
8 
7 
10 
9 
4 
7 
3 
7 
10 
11 
12 
7 
6 
5 
6 
4 
9 
10 
9 
6 
5 
9 
9 
11 
10 
9 
12 
5 
8 
8 
12 
7 
14 
2 
6 
4 
12 
10 
10 
8 
4 
7 
5 
10 
7 
9 
9 
12 
9 
5 
5 
6 
7 
5 
8 
8 
10 
7 
