6 
9 
5 
4 
10 
7 
10 
9 
10 
8 
8 
14 
6 
8 
9 
11 
14 
13 
7 
10 
9 
7 
10 
9 
6 
12 
8 
3 
9 
4 
8 
11 
12 
8 
10 
6 
8 
4 
7 
10 
7 
10 
10 
4 
6 
2 
5 
5 
10 
6 
5 
6 
10 
8 
3 
7 
4 
12 
6 
11 
6 
6 
6 
5 
8 
11 
6 
9 
12 
10 
5 
8 
6 
7 
6 
8 
4 
8 
6 
10 
4 
10 
9 
5 
3 
6 
8 
6 
13 
6 
10 
5 
12 
8 
8 
16 
6 
6 
8 
9 
8 
2 
10 
7 
6 
10 
5 
9 
12 
7 
6 
7 
6 
13 
8 
8 
6 
14 
8 
6 
12 
12 
7 
10 
10 
11 
9 
11 
5 
4 
5 
4 
8 
7 
7 
9 
11 
7 
4 
6 
12 
5 
6 
6 
9 
8 
10 
4 
12 
2 
10 
8 
5 
11 
9 
6 
7 
9 
7 
3 
11 
7 
7 
5 
5 
4 
6 
8 
10 
12 
11 
6 
5 
7 
6 
9 
6 
10 
6 
6 
10 
7 
5 
5 
11 
7 
7 
9 
9 
7 
6 
3 
7 
4 
6 
3 
12 
16 
6 
9 
