5 
3 
2 
7 
5 
10 
5 
1 
5 
6 
3 
2 
5 
10 
2 
4 
9 
4 
7 
4 
8 
6 
3 
2 
6 
4 
6 
4 
7 
5 
3 
7 
1 
8 
6 
4 
5 
5 
3 
13 
5 
5 
5 
4 
6 
7 
6 
9 
7 
5 
4 
3 
5 
1 
9 
11 
12 
2 
6 
5 
5 
4 
3 
6 
4 
5 
2 
4 
5 
6 
4 
7 
2 
6 
5 
2 
5 
7 
6 
4 
2 
3 
1 
4 
7 
3 
4 
8 
3 
11 
2 
7 
5 
4 
7 
4 
12 
5 
3 
6 
4 
3 
4 
6 
4 
7 
6 
8 
5 
6 
8 
7 
2 
1 
4 
6 
6 
4 
8 
8 
3 
7 
7 
6 
4 
7 
3 
5 
6 
5 
2 
4 
4 
3 
9 
3 
5 
4 
8 
9 
6 
7 
4 
3 
4 
4 
8 
2 
3 
5 
5 
4 
3 
5 
5 
6 
7 
5 
2 
3 
6 
1 
6 
10 
6 
2 
8 
2 
3 
4 
7 
3 
5 
6 
3 
5 
2 
8 
5 
7 
5 
5 
6 
11 
8 
6 
5 
2 
9 
1 
2 
9 
2 
7 
4 
4 
7 
8 
6 
8 
