4 
6 
2 
3 
3 
5 
6 
5 
5 
4 
7 
5 
3 
4 
8 
8 
4 
7 
3 
5 
4 
5 
4 
6 
8 
11 
6 
3 
6 
3 
1 
3 
4 
5 
3 
5 
2 
3 
3 
4 
2 
5 
4 
1 
4 
8 
2 
3 
6 
6 
3 
6 
7 
7 
3 
5 
5 
5 
3 
11 
7 
2 
9 
7 
5 
4 
5 
3 
7 
6 
3 
6 
3 
8 
3 
4 
1 
8 
9 
3 
4 
5 
2 
2 
5 
6 
6 
8 
3 
5 
7 
4 
8 
6 
5 
3 
8 
6 
4 
3 
5 
6 
2 
9 
2 
1 
7 
2 
5 
8 
3 
7 
2 
7 
6 
10 
6 
10 
2 
10 
3 
4 
4 
10 
4 
7 
5 
8 
6 
5 
7 
7 
4 
5 
6 
3 
1 
7 
3 
5 
6 
4 
7 
5 
5 
11 
7 
7 
1 
7 
4 
6 
4 
4 
5 
4 
5 
3 
10 
5 
3 
2 
7 
8 
2 
2 
6 
7 
5 
4 
4 
3 
5 
3 
2 
4 
3 
6 
6 
3 
3 
2 
2 
7 
2 
6 
7 
3 
8 
4 
5 
4 
5 
4 
6 
3 
5 
6 
8 
4 
