2 
1 
5 
2 
4 
6 
6 
8 
7 
8 
2 
4 
1 
5 
6 
4 
4 
4 
3 
1 
4 
1 
5 
5 
3 
6 
8 
5 
2 
4 
2 
3 
2 
7 
5 
5 
4 
4 
4 
3 
5 
2 
5 
3 
9 
4 
4 
8 
2 
7 
6 
6 
2 
6 
8 
2 
6 
8 
9 
9 
7 
3 
9 
7 
6 
7 
5 
2 
5 
2 
6 
6 
6 
5 
6 
8 
7 
4 
3 
3 
2 
2 
3 
4 
4 
6 
3 
8 
7 
2 
8 
3 
7 
5 
4 
6 
11 
6 
6 
6 
7 
8 
8 
8 
3 
8 
8 
4 
2 
6 
2 
5 
6 
3 
5 
3 
10 
3 
4 
2 
8 
3 
3 
2 
3 
4 
1 
2 
6 
3 
3 
3 
4 
5 
5 
6 
4 
3 
5 
5 
5 
3 
5 
5 
6 
3 
6 
2 
7 
5 
3 
6 
5 
5 
5 
5 
7 
6 
2 
4 
4 
6 
3 
6 
4 
8 
5 
5 
7 
7 
2 
4 
2 
7 
3 
7 
3 
8 
7 
4 
3 
2 
5 
3 
5 
5 
7 
8 
5 
12 
5 
7 
7 
5 
7 
8 
5 
5 
5 
6 
