5 
4 
7 
5 
6 
5 
8 
4 
3 
5 
4 
5 
4 
6 
4 
8 
6 
6 
4 
7 
4 
6 
5 
8 
6 
2 
8 
1 
6 
4 
2 
6 
7 
6 
4 
4 
4 
4 
5 
6 
8 
3 
6 
7 
3 
7 
6 
4 
6 
7 
5 
6 
8 
5 
7 
1 
8 
2 
6 
7 
7 
4 
7 
10 
6 
4 
3 
3 
4 
6 
8 
5 
5 
6 
4 
4 
6 
5 
6 
5 
7 
6 
3 
6 
4 
3 
5 
4 
3 
6 
2 
9 
5 
5 
1 
4 
3 
3 
6 
3 
5 
3 
8 
8 
5 
4 
8 
1 
5 
6 
3 
10 
1 
8 
4 
4 
3 
7 
5 
11 
1 
7 
5 
1 
5 
2 
4 
3 
4 
6 
6 
3 
4 
6 
5 
2 
4 
3 
5 
6 
6 
5 
8 
4 
8 
5 
2 
7 
1 
6 
5 
7 
5 
6 
4 
3 
6 
4 
5 
4 
3 
6 
7 
7 
3 
11 
9 
5 
3 
2 
3 
5 
2 
11 
6 
3 
2 
5 
1 
4 
6 
6 
2 
9 
8 
7 
5 
7 
4 
5 
5 
4 
4 
6 
4 
2 
4 
5 
4 
3 
