8 
1 
8 
7 
5 
4 
2 
3 
5 
2 
5 
3 
8 
2 
7 
4 
9 
5 
3 
4 
2 
2 
3 
4 
5 
6 
3 
2 
1 
7 
3 
3 
4 
5 
3 
3 
6 
3 
10 
1 
9 
2 
6 
4 
3 
4 
5 
3 
8 
3 
7 
6 
4 
3 
3 
4 
3 
4 
4 
8 
8 
4 
8 
8 
3 
5 
8 
5 
4 
1 
2 
7 
3 
2 
8 
3 
4 
7 
3 
3 
7 
7 
2 
3 
2 
7 
4 
4 
11 
6 
8 
7 
5 
6 
8 
4 
1 
5 
12 
8 
5 
4 
10 
4 
7 
7 
7 
3 
7 
4 
2 
5 
2 
4 
5 
4 
3 
2 
4 
8 
3 
4 
4 
6 
3 
3 
2 
2 
1 
4 
4 
5 
4 
2 
6 
9 
6 
6 
7 
8 
8 
5 
4 
6 
3 
6 
4 
4 
1 
6 
3 
4 
5 
8 
2 
3 
4 
3 
5 
8 
1 
4 
3 
2 
4 
1 
2 
5 
9 
5 
4 
4 
1 
7 
1 
9 
5 
2 
1 
8 
5 
4 
5 
11 
8 
2 
3 
2 
5 
2 
5 
6 
10 
4 
3 
7 
7 
4 
2 
3 
