4 
5 
4 
4 
3 
5 
3 
2 
5 
5 
5 
2 
5 
6 
10 
1 
6 
2 
5 
4 
4 
2 
6 
9 
5 
6 
5 
2 
2 
7 
3 
5 
5 
9 
2 
8 
6 
4 
6 
12 
3 
3 
3 
5 
6 
9 
2 
5 
4 
6 
5 
7 
3 
5 
4 
6 
6 
9 
11 
2 
4 
3 
5 
16 
5 
5 
3 
3 
8 
4 
5 
3 
3 
6 
6 
6 
8 
8 
7 
7 
6 
6 
4 
5 
6 
8 
8 
5 
7 
3 
3 
7 
5 
2 
4 
7 
3 
4 
2 
8 
7 
5 
6 
4 
6 
7 
11 
4 
7 
9 
7 
7 
6 
4 
3 
1 
4 
3 
10 
1 
4 
3 
6 
7 
7 
5 
5 
2 
2 
5 
4 
5 
9 
5 
2 
9 
5 
6 
8 
9 
4 
8 
4 
9 
5 
3 
4 
5 
3 
3 
7 
6 
5 
6 
6 
4 
9 
6 
4 
3 
3 
7 
5 
3 
7 
5 
4 
6 
3 
2 
10 
4 
7 
4 
8 
7 
7 
3 
9 
2 
7 
4 
4 
4 
3 
3 
6 
9 
4 
6 
8 
9 
3 
9 
6 
4 
3 
6 
4 
3 
