25.600000 
25.500000 
23.600000 
26.000000 
22.500000 
23.300000 
24.000000 
28.600000 
22.100000 
25.100000 
25.600000 
26.000000 
26.300000 
25.600000 
30.600000 
23.800000 
26.000000 
23.100000 
22.100000 
24.500000 
23.100000 
24.800000 
24.300000 
23.000000 
26.100000 
27.500000 
25.600000 
25.100000 
25.100000 
24.100000 
26.800000 
25.500000 
23.600000 
28.100000 
27.100000 
31.500000 
21.000000 
21.000000 
17.300000 
18.000000 
18.600000 
17.800000 
21.100000 
24.600000 
22.600000 
20.600000 
20.100000 
20.500000 
20.000000 
18.500000 
23.100000 
21.100000 
18.500000 
22.600000 
20.100000 
17.800000 
20.100000 
17.300000 
20.500000 
22.500000 
17.300000 
23.100000 
18.300000 
18.100000 
19.600000 
19.500000 
23.000000 
17.300000 
20.000000 
19.500000 
15.000000 
17.300000 
