25.600000 
25.100000 
22.300000 
22.600000 
23.500000 
23.800000 
25.000000 
24.600000 
28.800000 
25.300000 
26.800000 
24.500000 
28.300000 
26.500000 
25.600000 
23.100000 
27.600000 
21.300000 
25.500000 
24.600000 
25.100000 
23.300000 
26.600000 
23.800000 
26.800000 
23.000000 
25.100000 
25.300000 
26.500000 
30.500000 
23.600000 
25.100000 
23.100000 
24.500000 
23.800000 
25.600000 
23.300000 
20.100000 
19.600000 
18.800000 
22.000000 
23.500000 
17.800000 
16.600000 
17.500000 
22.500000 
22.800000 
21.100000 
22.100000 
18.300000 
21.600000 
20.100000 
23.100000 
21.100000 
20.300000 
23.500000 
19.000000 
20.100000 
21.800000 
18.000000 
15.800000 
17.600000 
18.600000 
19.300000 
18.800000 
19.300000 
19.500000 
15.800000 
23.600000 
15.800000 
20.000000 
20.000000 
