26.100000 
26.600000 
24.500000 
26.600000 
23.000000 
27.500000 
24.800000 
26.100000 
26.600000 
30.800000 
27.500000 
25.500000 
26.300000 
24.300000 
26.000000 
22.600000 
24.000000 
28.600000 
24.100000 
23.500000 
25.600000 
28.600000 
24.800000 
23.500000 
28.300000 
29.000000 
23.800000 
26.500000 
25.100000 
22.600000 
25.800000 
22.300000 
22.300000 
29.100000 
23.600000 
28.600000 
18.800000 
18.100000 
16.100000 
19.500000 
16.100000 
17.800000 
21.100000 
21.100000 
20.100000 
18.100000 
19.300000 
19.000000 
23.100000 
18.300000 
16.000000 
13.800000 
19.300000 
19.500000 
20.100000 
21.800000 
20.000000 
17.100000 
19.800000 
22.600000 
22.300000 
18.000000 
18.300000 
22.100000 
21.800000 
20.600000 
19.100000 
19.100000 
18.500000 
22.800000 
20.100000 
21.600000 
