26.100000 
27.600000 
24.600000 
27.600000 
26.300000 
24.800000 
26.000000 
23.000000 
25.100000 
24.800000 
26.000000 
23.600000 
24.000000 
25.500000 
24.800000 
23.500000 
24.300000 
22.500000 
26.800000 
24.600000 
24.800000 
26.000000 
22.800000 
26.100000 
21.100000 
25.600000 
24.100000 
25.300000 
22.300000 
24.100000 
23.600000 
26.000000 
24.000000 
24.800000 
27.300000 
25.500000 
19.300000 
20.300000 
19.000000 
19.600000 
22.300000 
20.800000 
21.000000 
19.800000 
21.600000 
20.600000 
20.300000 
22.100000 
20.800000 
18.000000 
23.000000 
20.100000 
17.100000 
20.800000 
19.300000 
19.800000 
18.300000 
16.800000 
17.500000 
19.600000 
16.600000 
18.500000 
20.600000 
20.500000 
21.600000 
20.500000 
20.600000 
22.500000 
16.300000 
19.600000 
19.300000 
19.300000 
