25.600000 
22.300000 
22.800000 
24.500000 
25.800000 
24.100000 
24.500000 
24.300000 
27.500000 
27.000000 
24.600000 
25.800000 
22.800000 
24.000000 
23.800000 
27.000000 
25.100000 
24.300000 
25.500000 
27.000000 
25.800000 
26.800000 
29.300000 
25.600000 
22.500000 
29.600000 
21.100000 
23.500000 
24.800000 
24.800000 
23.600000 
23.000000 
23.800000 
27.600000 
27.100000 
24.800000 
19.800000 
17.300000 
23.000000 
22.100000 
21.300000 
16.100000 
20.300000 
21.500000 
20.800000 
17.800000 
17.600000 
19.800000 
19.800000 
16.100000 
17.800000 
23.300000 
18.000000 
20.800000 
22.300000 
21.000000 
21.300000 
23.100000 
18.100000 
19.100000 
18.100000 
19.300000 
17.500000 
20.500000 
20.500000 
16.100000 
21.000000 
18.100000 
17.100000 
20.800000 
20.100000 
20.000000 
