23.600000 
29.000000 
28.500000 
26.300000 
22.300000 
22.800000 
23.300000 
25.800000 
24.300000 
27.300000 
25.500000 
22.800000 
24.800000 
20.000000 
25.500000 
22.800000 
22.500000 
24.300000 
23.300000 
26.100000 
18.500000 
23.000000 
24.800000 
25.800000 
23.600000 
25.300000 
24.800000 
23.800000 
26.300000 
22.500000 
24.300000 
23.100000 
27.500000 
23.300000 
27.100000 
22.800000 
21.600000 
20.800000 
20.100000 
20.100000 
22.800000 
20.300000 
18.100000 
22.500000 
20.500000 
19.500000 
22.500000 
20.300000 
16.000000 
20.600000 
22.000000 
16.800000 
20.600000 
19.600000 
19.300000 
17.800000 
21.100000 
18.500000 
24.100000 
20.100000 
18.100000 
18.600000 
21.100000 
17.100000 
20.000000 
19.000000 
21.500000 
18.500000 
21.600000 
20.300000 
21.100000 
20.800000 
