25.500000 
20.100000 
22.800000 
24.500000 
20.300000 
22.800000 
23.500000 
26.600000 
25.500000 
25.000000 
23.100000 
23.000000 
23.800000 
22.600000 
23.100000 
23.000000 
26.100000 
24.500000 
23.600000 
24.000000 
27.500000 
25.100000 
24.100000 
24.300000 
23.600000 
24.000000 
26.100000 
29.300000 
28.000000 
25.000000 
24.800000 
25.500000 
24.100000 
23.600000 
24.100000 
23.000000 
19.100000 
18.800000 
20.300000 
18.000000 
19.000000 
20.800000 
18.800000 
18.000000 
18.800000 
20.800000 
19.800000 
21.600000 
19.600000 
19.800000 
18.000000 
20.800000 
22.000000 
18.000000 
21.000000 
15.600000 
20.600000 
18.000000 
18.800000 
19.800000 
19.000000 
18.600000 
20.600000 
20.600000 
17.100000 
20.500000 
18.000000 
21.300000 
19.800000 
17.100000 
22.000000 
20.300000 
