23.300000 
20.600000 
27.300000 
22.500000 
24.000000 
26.800000 
23.500000 
24.300000 
26.600000 
27.300000 
23.600000 
30.500000 
26.600000 
23.600000 
23.100000 
27.800000 
27.600000 
27.100000 
27.600000 
26.600000 
23.600000 
26.800000 
21.100000 
27.800000 
27.500000 
25.800000 
27.300000 
26.000000 
26.300000 
30.300000 
27.500000 
24.500000 
27.800000 
24.100000 
24.000000 
28.000000 
19.600000 
21.100000 
18.800000 
18.800000 
19.300000 
20.000000 
22.100000 
19.300000 
17.500000 
20.100000 
20.300000 
22.600000 
21.100000 
18.800000 
17.800000 
22.600000 
20.000000 
20.600000 
19.300000 
22.600000 
21.000000 
19.000000 
25.100000 
18.600000 
19.800000 
19.100000 
22.000000 
20.500000 
19.000000 
19.600000 
18.500000 
16.100000 
22.100000 
17.800000 
19.100000 
21.500000 
