24.600000 
25.000000 
26.500000 
24.800000 
29.300000 
24.600000 
27.100000 
25.600000 
28.600000 
22.800000 
27.500000 
30.100000 
25.500000 
29.500000 
28.100000 
29.000000 
27.300000 
24.300000 
25.100000 
24.600000 
26.500000 
24.100000 
26.100000 
23.100000 
20.100000 
25.500000 
23.300000 
24.600000 
28.300000 
27.000000 
26.600000 
21.600000 
28.300000 
25.500000 
22.300000 
24.600000 
20.500000 
17.600000 
20.300000 
19.500000 
20.500000 
19.500000 
22.000000 
20.500000 
18.300000 
21.800000 
25.300000 
22.000000 
18.600000 
17.600000 
18.800000 
23.300000 
23.500000 
18.800000 
19.600000 
21.000000 
24.800000 
22.300000 
18.600000 
21.800000 
20.300000 
21.800000 
22.000000 
20.800000 
24.100000 
16.800000 
17.800000 
24.300000 
21.000000 
16.600000 
18.800000 
19.500000 
