28.600000 
27.100000 
28.300000 
27.500000 
23.500000 
22.000000 
25.600000 
21.300000 
27.100000 
21.600000 
26.600000 
25.000000 
25.500000 
24.500000 
21.300000 
29.000000 
31.800000 
25.000000 
23.800000 
25.300000 
24.600000 
21.800000 
26.300000 
27.800000 
22.800000 
26.600000 
27.600000 
24.800000 
26.600000 
26.600000 
25.800000 
24.100000 
25.300000 
22.800000 
23.000000 
24.300000 
21.500000 
17.100000 
24.500000 
20.600000 
20.000000 
16.000000 
21.800000 
24.600000 
20.100000 
19.500000 
17.600000 
21.100000 
18.300000 
22.500000 
21.100000 
22.600000 
21.000000 
19.100000 
22.600000 
20.600000 
22.600000 
16.800000 
19.800000 
23.100000 
20.100000 
20.800000 
18.100000 
18.100000 
19.800000 
17.600000 
18.600000 
19.600000 
20.100000 
20.800000 
23.600000 
22.000000 
