21.300000 
18.200000 
17.000000 
17.000000 
17.100000 
20.600000 
20.200000 
20.100000 
17.000000 
21.100000 
17.100000 
19.800000 
18.200000 
18.500000 
19.200000 
19.100000 
18.000000 
18.800000 
17.100000 
21.200000 
20.000000 
16.600000 
17.500000 
20.000000 
19.700000 
17.100000 
18.500000 
17.000000 
19.000000 
21.100000 
18.500000 
16.700000 
17.100000 
16.500000 
21.000000 
18.600000 
21.000000 
17.700000 
17.000000 
16.500000 
20.500000 
17.800000 
17.600000 
18.100000 
16.100000 
18.700000 
18.700000 
19.500000 
17.700000 
18.700000 
20.600000 
19.000000 
15.500000 
18.100000 
17.200000 
19.200000 
17.700000 
20.200000 
18.100000 
17.600000 
20.000000 
18.800000 
17.300000 
18.600000 
14.000000 
17.300000 
14.200000 
15.800000 
13.200000 
11.800000 
14.800000 
15.000000 
15.000000 
17.300000 
13.100000 
16.300000 
15.000000 
15.700000 
15.000000 
14.800000 
15.100000 
12.800000 
14.100000 
14.300000 
15.000000 
14.600000 
15.100000 
13.000000 
15.000000 
15.700000 
14.200000 
16.500000 
16.100000 
16.800000 
14.000000 
16.000000 
15.500000 
12.700000 
15.300000 
15.500000 
13.300000 
14.200000 
13.500000 
16.300000 
16.600000 
15.100000 
16.300000 
16.500000 
16.700000 
18.500000 
14.700000 
15.500000 
15.200000 
17.600000 
13.800000 
12.300000 
14.100000 
13.100000 
13.500000 
15.200000 
14.700000 
14.100000 
13.100000 
15.300000 
16.000000 
13.200000 
14.600000 
15.700000 
