29.100000 
22.000000 
26.000000 
23.300000 
24.800000 
23.300000 
25.100000 
27.600000 
24.600000 
26.300000 
21.100000 
26.100000 
24.300000 
28.600000 
24.500000 
28.600000 
25.600000 
30.800000 
21.500000 
25.800000 
23.500000 
25.300000 
24.000000 
23.000000 
25.500000 
26.600000 
24.600000 
25.000000 
24.800000 
26.000000 
22.500000 
29.600000 
19.600000 
20.500000 
25.300000 
23.800000 
20.800000 
19.500000 
20.500000 
22.800000 
20.500000 
16.800000 
19.600000 
23.000000 
19.300000 
19.600000 
19.300000 
18.800000 
23.500000 
17.800000 
21.300000 
21.100000 
18.800000 
19.100000 
18.100000 
24.300000 
21.300000 
21.000000 
18.100000 
21.300000 
20.500000 
18.800000 
20.600000 
17.100000 
19.500000 
18.500000 
18.000000 
17.300000 
21.500000 
19.600000 
19.500000 
20.000000 
