26.100000 
27.000000 
26.000000 
24.000000 
23.000000 
20.300000 
24.800000 
25.600000 
28.000000 
28.000000 
21.100000 
24.600000 
25.600000 
22.500000 
26.500000 
25.300000 
25.300000 
26.500000 
28.500000 
28.800000 
24.000000 
25.100000 
23.100000 
24.500000 
23.800000 
25.300000 
22.800000 
22.300000 
24.600000 
25.500000 
27.100000 
26.300000 
28.600000 
22.100000 
28.300000 
23.800000 
23.000000 
19.300000 
22.000000 
20.500000 
21.000000 
20.100000 
18.500000 
22.300000 
18.600000 
21.600000 
21.100000 
20.600000 
21.600000 
21.500000 
21.000000 
21.100000 
17.500000 
20.000000 
22.800000 
21.500000 
20.600000 
20.600000 
19.100000 
18.800000 
19.500000 
19.600000 
22.000000 
20.000000 
20.000000 
21.800000 
21.600000 
19.800000 
18.600000 
18.100000 
21.100000 
20.100000 
