24.800000 
27.000000 
25.100000 
24.800000 
26.800000 
23.300000 
28.600000 
28.500000 
25.500000 
23.300000 
23.800000 
23.800000 
28.500000 
27.600000 
25.100000 
22.500000 
25.600000 
23.100000 
28.500000 
25.600000 
25.800000 
22.300000 
26.500000 
23.300000 
24.000000 
25.800000 
19.800000 
25.000000 
21.600000 
24.100000 
23.600000 
23.500000 
24.800000 
27.500000 
24.600000 
25.500000 
21.000000 
21.300000 
17.600000 
20.100000 
22.600000 
19.000000 
21.000000 
23.000000 
21.600000 
17.800000 
17.300000 
18.500000 
19.300000 
18.500000 
23.500000 
17.800000 
17.500000 
22.600000 
19.800000 
18.600000 
17.100000 
22.000000 
23.300000 
21.100000 
18.100000 
18.100000 
15.800000 
21.100000 
22.600000 
19.000000 
18.800000 
18.800000 
14.600000 
21.100000 
22.500000 
24.000000 
