23.600000 
29.300000 
25.500000 
23.000000 
22.100000 
22.100000 
21.500000 
22.800000 
28.300000 
22.500000 
28.100000 
24.600000 
26.800000 
22.500000 
25.800000 
23.300000 
23.000000 
22.800000 
22.600000 
22.600000 
23.100000 
24.000000 
27.500000 
21.500000 
25.500000 
25.500000 
26.100000 
28.100000 
24.500000 
27.300000 
25.100000 
21.600000 
26.600000 
26.500000 
28.600000 
25.800000 
21.800000 
22.000000 
20.100000 
21.100000 
17.600000 
20.300000 
19.600000 
20.100000 
16.800000 
20.100000 
19.000000 
21.600000 
21.300000 
20.800000 
21.300000 
19.000000 
20.500000 
18.600000 
16.100000 
17.000000 
20.100000 
23.000000 
19.300000 
24.000000 
21.600000 
17.600000 
16.300000 
21.000000 
20.500000 
19.600000 
19.800000 
16.800000 
22.000000 
22.600000 
15.000000 
17.500000 
