23.500000 
28.300000 
25.000000 
26.500000 
26.600000 
25.500000 
24.300000 
25.600000 
24.100000 
21.300000 
27.000000 
23.500000 
27.500000 
26.300000 
24.500000 
23.300000 
24.100000 
23.000000 
25.500000 
25.600000 
29.800000 
26.500000 
28.300000 
22.000000 
25.800000 
23.300000 
25.300000 
24.000000 
26.100000 
24.000000 
27.100000 
23.500000 
25.300000 
25.000000 
23.100000 
22.300000 
20.300000 
19.500000 
21.300000 
19.000000 
22.000000 
23.500000 
17.300000 
17.100000 
20.100000 
20.600000 
20.500000 
17.100000 
19.100000 
16.100000 
22.000000 
19.000000 
22.300000 
22.800000 
19.000000 
18.800000 
21.800000 
21.100000 
23.300000 
22.100000 
21.300000 
20.800000 
19.300000 
17.600000 
18.300000 
19.500000 
20.600000 
20.000000 
22.000000 
19.600000 
21.500000 
19.300000 
