24.600000 
26.800000 
22.600000 
29.500000 
23.500000 
27.100000 
28.600000 
20.000000 
27.600000 
23.300000 
27.100000 
21.500000 
20.500000 
24.300000 
25.300000 
25.100000 
22.100000 
23.600000 
24.600000 
25.500000 
27.600000 
25.100000 
23.300000 
27.100000 
23.100000 
21.600000 
24.300000 
24.800000 
23.600000 
26.800000 
22.800000 
26.500000 
29.600000 
25.500000 
24.600000 
24.000000 
19.300000 
24.000000 
20.100000 
20.800000 
21.300000 
18.000000 
17.800000 
18.300000 
21.000000 
20.500000 
22.300000 
17.000000 
17.000000 
21.600000 
17.800000 
18.100000 
19.100000 
19.600000 
17.600000 
19.000000 
17.100000 
19.800000 
24.100000 
20.600000 
17.300000 
19.800000 
21.000000 
21.500000 
20.600000 
19.300000 
20.100000 
23.800000 
18.600000 
22.000000 
20.000000 
19.600000 
