26.500000 
30.800000 
25.000000 
27.800000 
26.300000 
24.600000 
27.500000 
25.300000 
27.600000 
22.800000 
26.100000 
24.600000 
24.000000 
26.300000 
27.300000 
23.500000 
21.600000 
25.800000 
24.300000 
24.500000 
24.600000 
23.100000 
27.100000 
25.300000 
24.800000 
27.300000 
22.800000 
27.800000 
23.500000 
24.500000 
27.500000 
22.800000 
24.000000 
24.800000 
24.000000 
28.000000 
19.100000 
19.500000 
18.500000 
22.100000 
19.300000 
21.800000 
21.600000 
20.500000 
17.100000 
20.300000 
21.100000 
17.500000 
17.300000 
19.600000 
18.100000 
18.500000 
18.600000 
20.600000 
20.800000 
20.600000 
15.000000 
20.000000 
19.100000 
18.800000 
19.800000 
20.500000 
19.800000 
18.300000 
21.500000 
25.000000 
23.100000 
19.300000 
22.100000 
20.800000 
19.300000 
18.800000 
