26.100000 
25.300000 
24.600000 
26.100000 
27.600000 
27.600000 
29.600000 
29.000000 
24.100000 
26.500000 
24.800000 
24.600000 
26.600000 
23.000000 
22.300000 
22.800000 
22.600000 
26.100000 
25.300000 
26.100000 
23.800000 
25.300000 
22.000000 
22.800000 
21.600000 
25.800000 
27.600000 
27.300000 
24.000000 
25.800000 
23.800000 
21.600000 
27.500000 
24.300000 
25.100000 
24.500000 
20.800000 
21.300000 
22.000000 
22.300000 
22.100000 
19.500000 
20.300000 
19.500000 
21.300000 
19.100000 
20.300000 
17.600000 
18.500000 
20.600000 
21.600000 
22.500000 
17.500000 
22.000000 
18.000000 
19.300000 
22.100000 
21.600000 
20.800000 
21.300000 
19.500000 
19.300000 
18.600000 
18.600000 
19.500000 
18.600000 
19.100000 
20.600000 
20.300000 
19.100000 
22.500000 
19.000000 
