25.800000 
27.600000 
29.500000 
25.100000 
27.300000 
29.300000 
24.800000 
27.300000 
24.300000 
22.000000 
27.000000 
21.500000 
26.800000 
23.600000 
25.100000 
27.100000 
25.800000 
21.600000 
23.800000 
26.500000 
23.300000 
22.300000 
27.100000 
25.100000 
25.600000 
28.100000 
26.100000 
22.300000 
22.000000 
28.000000 
24.800000 
30.300000 
23.800000 
24.100000 
23.100000 
27.500000 
20.300000 
18.100000 
18.300000 
20.000000 
17.500000 
17.600000 
22.100000 
18.500000 
18.800000 
18.100000 
22.100000 
21.300000 
21.100000 
21.500000 
21.800000 
18.600000 
19.800000 
21.600000 
20.800000 
18.600000 
19.800000 
18.500000 
21.300000 
20.100000 
18.100000 
22.000000 
18.600000 
19.500000 
18.100000 
19.800000 
17.300000 
19.600000 
21.800000 
21.600000 
20.500000 
22.300000 
