25.100000 
25.600000 
28.500000 
25.500000 
24.800000 
23.600000 
28.100000 
26.000000 
24.500000 
26.100000 
24.500000 
22.800000 
24.500000 
24.800000 
26.600000 
27.600000 
28.500000 
29.500000 
24.600000 
23.600000 
24.300000 
24.500000 
22.600000 
23.600000 
24.100000 
28.800000 
24.800000 
21.800000 
23.800000 
24.600000 
22.800000 
25.000000 
24.300000 
26.500000 
23.800000 
27.000000 
19.000000 
19.100000 
20.000000 
20.500000 
20.300000 
18.500000 
21.000000 
21.000000 
19.100000 
22.600000 
20.600000 
22.600000 
24.300000 
18.800000 
20.300000 
18.800000 
21.500000 
22.000000 
20.800000 
21.300000 
20.600000 
19.000000 
18.300000 
23.300000 
18.800000 
18.500000 
18.300000 
19.000000 
18.000000 
19.000000 
21.300000 
19.000000 
21.000000 
19.500000 
22.300000 
20.100000 
