21.800000 
25.100000 
23.300000 
26.800000 
29.000000 
25.800000 
23.600000 
29.800000 
24.600000 
26.100000 
26.300000 
24.300000 
25.600000 
27.300000 
26.800000 
28.300000 
23.600000 
28.000000 
27.300000 
28.100000 
25.800000 
29.000000 
23.800000 
28.300000 
25.800000 
24.800000 
23.000000 
26.100000 
27.000000 
26.000000 
23.300000 
22.000000 
25.800000 
28.300000 
24.600000 
24.500000 
20.300000 
18.100000 
16.800000 
20.600000 
23.300000 
21.600000 
19.500000 
22.500000 
19.100000 
20.600000 
19.800000 
19.500000 
20.100000 
18.600000 
17.600000 
22.000000 
20.800000 
18.000000 
18.500000 
19.000000 
18.600000 
19.300000 
19.100000 
19.800000 
23.000000 
21.600000 
24.300000 
20.000000 
19.500000 
21.000000 
18.500000 
23.100000 
21.300000 
23.500000 
18.500000 
17.800000 
