23.300000 
22.100000 
26.000000 
22.600000 
25.500000 
23.500000 
28.100000 
27.100000 
24.100000 
25.000000 
27.500000 
28.500000 
23.800000 
25.100000 
26.000000 
29.000000 
25.100000 
25.600000 
21.800000 
24.800000 
27.000000 
25.500000 
23.600000 
22.800000 
24.500000 
24.300000 
21.500000 
27.500000 
25.600000 
21.800000 
28.600000 
24.600000 
23.800000 
22.000000 
25.800000 
25.000000 
16.800000 
18.300000 
19.500000 
17.800000 
18.600000 
20.100000 
20.600000 
19.800000 
20.100000 
17.600000 
20.000000 
15.100000 
20.100000 
17.300000 
18.600000 
21.300000 
17.800000 
19.300000 
21.100000 
18.600000 
19.500000 
20.000000 
19.600000 
20.800000 
21.000000 
22.300000 
20.500000 
17.600000 
21.600000 
21.500000 
20.100000 
17.100000 
16.600000 
20.300000 
19.600000 
20.000000 
