25.800000 
22.300000 
24.100000 
24.800000 
26.300000 
26.500000 
27.000000 
24.500000 
22.000000 
20.800000 
28.100000 
26.000000 
22.000000 
25.500000 
24.500000 
19.800000 
25.600000 
26.500000 
29.600000 
25.500000 
23.000000 
23.000000 
26.800000 
26.300000 
18.000000 
27.000000 
24.800000 
25.000000 
23.300000 
23.100000 
29.100000 
26.000000 
26.800000 
27.000000 
27.800000 
24.500000 
18.300000 
20.300000 
22.600000 
18.100000 
19.300000 
20.600000 
18.800000 
17.300000 
19.000000 
21.300000 
20.000000 
22.300000 
21.300000 
18.100000 
17.100000 
20.500000 
17.800000 
15.500000 
20.500000 
20.300000 
20.000000 
18.300000 
18.100000 
20.300000 
21.000000 
22.100000 
21.500000 
20.800000 
18.500000 
20.100000 
18.100000 
19.600000 
18.100000 
19.100000 
19.100000 
21.800000 
