23.500000 
23.000000 
21.600000 
26.100000 
27.100000 
27.000000 
27.500000 
24.000000 
25.100000 
25.500000 
23.600000 
24.500000 
23.000000 
24.100000 
24.000000 
30.100000 
27.500000 
22.800000 
26.000000 
23.000000 
25.000000 
23.800000 
25.600000 
28.500000 
22.000000 
26.100000 
26.500000 
24.000000 
25.300000 
25.000000 
22.300000 
22.300000 
29.800000 
24.100000 
21.300000 
26.800000 
18.800000 
19.600000 
18.800000 
19.800000 
20.800000 
21.800000 
19.600000 
18.800000 
22.800000 
19.500000 
18.600000 
18.800000 
21.000000 
20.300000 
22.500000 
22.300000 
20.500000 
21.800000 
16.300000 
21.000000 
19.300000 
19.800000 
22.500000 
17.800000 
21.100000 
19.600000 
19.500000 
23.500000 
15.800000 
20.100000 
19.100000 
24.800000 
21.100000 
18.800000 
17.800000 
18.500000 
