25.500000 
28.000000 
28.000000 
23.800000 
24.800000 
26.500000 
24.500000 
22.600000 
28.500000 
24.800000 
24.800000 
23.300000 
25.000000 
23.500000 
29.600000 
23.500000 
22.100000 
27.300000 
26.500000 
26.100000 
28.000000 
25.800000 
22.300000 
23.500000 
26.300000 
27.800000 
26.000000 
23.300000 
26.800000 
24.300000 
23.800000 
28.000000 
26.100000 
22.000000 
24.800000 
25.600000 
20.800000 
19.100000 
20.800000 
21.000000 
17.600000 
17.600000 
17.800000 
21.500000 
22.600000 
20.100000 
21.500000 
16.500000 
20.300000 
22.100000 
23.100000 
19.100000 
19.800000 
20.300000 
20.000000 
20.300000 
21.000000 
17.500000 
19.500000 
22.500000 
20.800000 
20.600000 
22.800000 
22.500000 
19.800000 
19.000000 
21.000000 
20.800000 
19.500000 
16.600000 
16.500000 
19.500000 
