27.800000 
29.500000 
25.500000 
25.800000 
25.500000 
24.500000 
23.600000 
28.100000 
27.000000 
26.300000 
21.000000 
25.300000 
20.500000 
21.100000 
22.300000 
24.500000 
23.100000 
28.100000 
24.000000 
24.800000 
25.500000 
27.100000 
24.000000 
23.300000 
23.600000 
30.000000 
23.800000 
26.000000 
21.600000 
25.000000 
27.600000 
24.000000 
27.300000 
26.100000 
22.100000 
26.500000 
21.500000 
15.800000 
21.300000 
19.100000 
20.500000 
19.600000 
18.500000 
18.000000 
19.800000 
18.600000 
20.100000 
21.100000 
21.100000 
18.500000 
24.000000 
20.600000 
20.100000 
20.600000 
18.300000 
21.300000 
20.500000 
20.600000 
20.100000 
20.800000 
18.800000 
19.300000 
21.000000 
21.000000 
19.600000 
20.800000 
21.100000 
20.800000 
18.300000 
18.600000 
20.800000 
20.100000 
