26.800000 
27.300000 
23.600000 
24.100000 
25.100000 
28.100000 
27.000000 
23.100000 
23.100000 
21.800000 
25.000000 
21.800000 
24.800000 
26.300000 
22.600000 
26.300000 
25.500000 
28.600000 
20.500000 
29.000000 
25.000000 
26.300000 
25.000000 
23.800000 
22.300000 
23.600000 
27.100000 
25.000000 
25.300000 
21.000000 
24.500000 
23.800000 
26.000000 
20.000000 
23.300000 
27.800000 
20.600000 
16.000000 
19.000000 
19.300000 
19.800000 
20.600000 
22.500000 
18.600000 
19.100000 
18.300000 
21.100000 
21.000000 
19.000000 
17.500000 
20.500000 
18.500000 
19.000000 
20.000000 
17.100000 
19.600000 
20.100000 
20.000000 
20.300000 
20.000000 
21.600000 
17.600000 
16.500000 
17.000000 
21.500000 
17.500000 
20.100000 
18.300000 
21.800000 
18.600000 
21.000000 
18.800000 
