29.100000 
24.500000 
25.300000 
23.800000 
22.000000 
28.300000 
21.000000 
25.800000 
26.800000 
22.500000 
23.800000 
26.600000 
27.500000 
26.600000 
27.000000 
26.300000 
25.300000 
23.300000 
23.300000 
24.000000 
24.300000 
26.300000 
24.500000 
25.800000 
25.600000 
27.300000 
22.800000 
25.600000 
23.800000 
22.600000 
25.100000 
27.500000 
22.500000 
26.100000 
25.800000 
27.000000 
18.600000 
21.800000 
16.800000 
19.600000 
18.600000 
21.100000 
18.800000 
19.500000 
16.600000 
20.800000 
19.100000 
21.800000 
19.600000 
20.600000 
21.100000 
22.300000 
21.800000 
19.100000 
18.500000 
20.100000 
20.300000 
19.800000 
19.000000 
18.500000 
17.800000 
20.600000 
19.500000 
20.000000 
19.600000 
21.500000 
17.800000 
20.800000 
20.000000 
19.100000 
19.500000 
18.000000 
