25.800000 
25.800000 
27.000000 
22.500000 
26.800000 
25.300000 
23.100000 
23.500000 
28.100000 
27.600000 
26.100000 
23.000000 
24.100000 
27.100000 
23.800000 
24.100000 
25.300000 
21.600000 
23.100000 
28.800000 
27.500000 
23.300000 
27.500000 
27.100000 
24.800000 
27.300000 
27.000000 
24.300000 
26.000000 
24.500000 
24.100000 
25.300000 
21.300000 
27.800000 
23.000000 
23.800000 
19.000000 
20.100000 
19.300000 
20.500000 
20.100000 
19.500000 
21.100000 
17.100000 
18.500000 
20.100000 
18.800000 
20.800000 
17.600000 
19.300000 
19.100000 
22.000000 
19.800000 
21.300000 
21.800000 
19.800000 
17.300000 
22.300000 
19.300000 
18.600000 
21.300000 
22.100000 
18.800000 
16.800000 
18.600000 
20.600000 
16.100000 
19.100000 
17.800000 
18.600000 
19.500000 
22.500000 
