23.600000 
25.000000 
24.100000 
29.000000 
26.500000 
22.800000 
26.500000 
24.600000 
26.000000 
23.600000 
25.800000 
26.100000 
25.800000 
25.500000 
24.800000 
24.100000 
25.800000 
23.500000 
22.500000 
26.600000 
24.100000 
24.600000 
25.800000 
21.300000 
23.600000 
24.500000 
23.800000 
26.000000 
24.100000 
27.000000 
24.100000 
24.600000 
24.300000 
27.800000 
21.500000 
26.000000 
19.300000 
22.100000 
22.800000 
22.100000 
19.500000 
16.100000 
18.800000 
20.600000 
18.600000 
18.500000 
19.000000 
20.100000 
18.300000 
19.500000 
21.800000 
17.800000 
20.300000 
19.000000 
18.600000 
21.500000 
19.300000 
18.300000 
18.100000 
19.600000 
20.300000 
16.500000 
23.100000 
19.100000 
20.800000 
19.300000 
22.100000 
20.300000 
23.300000 
20.100000 
18.800000 
18.600000 
