25.800000 
25.000000 
24.100000 
24.100000 
23.800000 
23.000000 
25.300000 
29.600000 
23.600000 
23.000000 
25.300000 
25.000000 
25.300000 
24.500000 
26.500000 
23.800000 
27.100000 
28.800000 
22.000000 
22.000000 
25.100000 
25.600000 
25.500000 
21.800000 
24.000000 
20.800000 
27.300000 
24.000000 
27.600000 
28.100000 
24.000000 
23.600000 
27.000000 
26.300000 
28.800000 
27.500000 
16.600000 
19.600000 
23.000000 
21.000000 
20.800000 
18.500000 
18.800000 
17.500000 
19.000000 
22.100000 
20.500000 
20.000000 
19.100000 
19.600000 
21.000000 
19.300000 
18.800000 
20.100000 
17.500000 
20.800000 
17.500000 
17.000000 
19.800000 
20.000000 
23.500000 
18.600000 
21.300000 
18.000000 
20.300000 
19.100000 
16.500000 
21.000000 
20.100000 
18.000000 
22.500000 
21.600000 
