23.600000 
23.500000 
26.600000 
22.500000 
22.600000 
25.600000 
25.100000 
24.800000 
24.000000 
24.300000 
26.800000 
22.800000 
26.000000 
24.500000 
20.800000 
22.100000 
24.800000 
22.000000 
22.000000 
26.600000 
27.500000 
25.800000 
29.100000 
29.100000 
25.100000 
24.800000 
22.800000 
26.600000 
23.800000 
21.100000 
25.800000 
25.100000 
28.000000 
25.000000 
25.300000 
26.500000 
22.100000 
19.100000 
16.100000 
22.800000 
19.000000 
21.000000 
18.100000 
21.600000 
18.800000 
19.300000 
17.100000 
20.500000 
16.600000 
16.000000 
21.000000 
19.500000 
22.100000 
17.800000 
21.500000 
18.600000 
20.800000 
19.500000 
17.000000 
21.300000 
22.100000 
22.500000 
17.500000 
17.100000 
20.000000 
18.600000 
21.300000 
20.500000 
18.600000 
21.600000 
18.000000 
16.100000 
