25.100000 
24.800000 
28.500000 
23.100000 
27.600000 
29.100000 
26.500000 
26.100000 
23.600000 
25.000000 
26.000000 
27.600000 
28.500000 
22.800000 
24.600000 
27.300000 
28.300000 
25.600000 
25.000000 
25.100000 
26.000000 
24.300000 
23.500000 
25.800000 
27.100000 
25.000000 
27.100000 
25.000000 
25.300000 
27.100000 
24.500000 
24.300000 
22.000000 
24.600000 
26.000000 
24.500000 
18.600000 
20.000000 
20.000000 
20.800000 
17.500000 
19.600000 
21.800000 
17.300000 
20.600000 
20.000000 
25.500000 
21.800000 
22.800000 
18.800000 
20.100000 
17.800000 
20.300000 
19.600000 
17.300000 
21.800000 
21.300000 
18.100000 
19.300000 
20.100000 
21.000000 
21.000000 
21.600000 
16.500000 
22.000000 
22.800000 
22.800000 
18.100000 
15.800000 
21.100000 
18.100000 
19.600000 
