25.000000 
23.100000 
27.300000 
24.600000 
28.000000 
25.500000 
24.000000 
23.300000 
25.600000 
26.500000 
23.300000 
23.500000 
20.300000 
27.100000 
25.500000 
26.000000 
24.500000 
25.000000 
28.500000 
25.800000 
27.000000 
26.300000 
27.800000 
20.800000 
24.100000 
25.000000 
22.300000 
24.100000 
24.800000 
25.300000 
25.600000 
22.500000 
26.000000 
26.000000 
26.500000 
24.500000 
19.800000 
19.800000 
21.000000 
21.000000 
18.600000 
21.500000 
18.000000 
18.600000 
22.600000 
19.300000 
20.100000 
17.600000 
17.100000 
19.800000 
20.300000 
20.500000 
22.000000 
20.300000 
23.300000 
22.500000 
22.800000 
21.300000 
18.600000 
21.300000 
22.600000 
18.300000 
20.500000 
19.100000 
22.800000 
19.600000 
19.600000 
18.800000 
20.600000 
18.800000 
20.100000 
19.300000 
