25.500000 
24.300000 
23.300000 
27.000000 
23.800000 
26.500000 
25.800000 
25.000000 
23.800000 
25.000000 
25.800000 
22.800000 
24.300000 
19.300000 
26.100000 
25.300000 
26.100000 
26.500000 
28.300000 
26.000000 
23.500000 
21.300000 
27.000000 
25.000000 
25.100000 
22.800000 
24.000000 
29.600000 
27.000000 
23.100000 
28.000000 
25.600000 
21.600000 
21.800000 
25.300000 
22.800000 
20.500000 
19.500000 
19.100000 
18.100000 
19.300000 
22.000000 
20.800000 
19.600000 
18.000000 
16.500000 
20.800000 
24.800000 
20.800000 
14.800000 
18.100000 
17.100000 
18.100000 
18.600000 
20.100000 
18.100000 
16.500000 
17.300000 
18.600000 
19.100000 
19.100000 
22.800000 
19.300000 
17.300000 
19.300000 
22.300000 
18.000000 
19.000000 
20.300000 
18.300000 
21.000000 
22.500000 
