24.100000 
25.300000 
24.800000 
31.100000 
25.000000 
25.300000 
25.500000 
24.500000 
26.300000 
22.800000 
25.000000 
25.800000 
27.600000 
25.300000 
25.500000 
24.600000 
24.500000 
24.100000 
27.300000 
23.600000 
25.500000 
28.000000 
25.500000 
25.300000 
25.100000 
22.100000 
26.000000 
21.500000 
26.000000 
20.800000 
28.100000 
24.800000 
29.600000 
24.100000 
26.600000 
25.300000 
17.100000 
20.000000 
20.600000 
15.500000 
22.300000 
22.000000 
20.000000 
22.300000 
19.100000 
21.600000 
17.600000 
19.800000 
20.500000 
18.500000 
21.500000 
19.100000 
20.300000 
21.100000 
22.600000 
21.100000 
21.000000 
19.300000 
18.800000 
18.600000 
19.800000 
17.500000 
18.000000 
19.000000 
20.600000 
23.100000 
22.300000 
21.100000 
20.800000 
17.300000 
18.100000 
15.000000 
