25.000000 
20.100000 
25.000000 
25.300000 
24.300000 
25.100000 
21.500000 
27.300000 
26.800000 
24.000000 
24.800000 
26.800000 
23.500000 
26.000000 
23.600000 
25.800000 
24.800000 
24.100000 
23.500000 
25.800000 
26.800000 
28.100000 
24.600000 
25.100000 
20.300000 
24.000000 
28.600000 
23.500000 
25.000000 
24.100000 
23.600000 
21.800000 
26.800000 
26.500000 
27.100000 
28.600000 
22.500000 
19.300000 
19.100000 
23.500000 
21.000000 
17.000000 
22.000000 
20.000000 
23.300000 
18.500000 
23.300000 
18.500000 
16.100000 
21.000000 
20.500000 
19.100000 
17.000000 
17.500000 
23.500000 
18.800000 
21.300000 
15.500000 
22.300000 
18.000000 
16.100000 
19.000000 
16.000000 
17.100000 
20.100000 
19.000000 
21.000000 
20.600000 
24.800000 
18.500000 
22.300000 
21.600000 
