26.300000 
25.100000 
25.800000 
26.600000 
26.800000 
21.500000 
23.300000 
25.500000 
24.000000 
21.100000 
25.100000 
25.500000 
27.100000 
25.500000 
23.000000 
26.000000 
24.100000 
24.000000 
23.000000 
24.000000 
23.500000 
26.100000 
25.000000 
23.000000 
26.000000 
22.600000 
26.300000 
25.000000 
25.100000 
24.000000 
23.600000 
22.500000 
23.600000 
23.500000 
25.800000 
28.500000 
24.500000 
19.300000 
24.100000 
19.300000 
17.000000 
24.100000 
23.500000 
20.000000 
17.500000 
21.800000 
23.100000 
21.100000 
17.300000 
21.600000 
20.000000 
21.000000 
20.800000 
21.000000 
21.300000 
19.600000 
17.800000 
16.800000 
19.100000 
19.100000 
18.100000 
20.300000 
17.500000 
17.600000 
23.100000 
16.600000 
20.800000 
24.100000 
19.800000 
20.600000 
21.500000 
20.500000 
