25.300000 
27.000000 
25.600000 
22.000000 
25.500000 
25.300000 
25.500000 
25.100000 
25.800000 
23.100000 
26.800000 
28.300000 
25.800000 
23.300000 
29.000000 
22.500000 
27.300000 
23.100000 
27.000000 
23.500000 
25.000000 
30.800000 
25.800000 
28.500000 
27.600000 
25.100000 
25.300000 
25.800000 
22.500000 
22.800000 
27.600000 
27.500000 
23.000000 
26.300000 
22.800000 
25.600000 
20.600000 
20.600000 
21.600000 
17.800000 
21.500000 
20.300000 
18.300000 
18.600000 
22.800000 
22.300000 
21.000000 
18.100000 
19.300000 
21.800000 
19.000000 
19.100000 
20.300000 
17.000000 
18.300000 
23.500000 
22.100000 
18.500000 
22.100000 
21.800000 
19.800000 
22.000000 
21.800000 
19.300000 
20.800000 
19.500000 
19.300000 
20.300000 
16.600000 
22.500000 
18.100000 
18.800000 
