26.800000 
19.600000 
22.300000 
27.800000 
23.600000 
21.800000 
28.100000 
26.600000 
22.800000 
26.000000 
24.000000 
24.800000 
25.600000 
29.500000 
28.600000 
23.600000 
22.500000 
28.800000 
25.600000 
22.800000 
24.500000 
24.300000 
27.100000 
25.800000 
25.800000 
25.800000 
25.600000 
27.500000 
27.500000 
27.000000 
26.000000 
28.800000 
25.800000 
27.500000 
23.800000 
28.100000 
20.100000 
21.800000 
20.500000 
17.300000 
20.500000 
20.300000 
20.500000 
20.100000 
20.800000 
18.500000 
21.500000 
23.000000 
20.800000 
18.500000 
23.500000 
17.800000 
22.100000 
18.300000 
21.800000 
18.600000 
20.000000 
25.100000 
20.600000 
23.100000 
22.300000 
20.000000 
20.300000 
20.800000 
17.600000 
18.100000 
22.300000 
22.100000 
18.100000 
21.100000 
18.000000 
20.600000 
