25.000000 
23.300000 
25.100000 
25.500000 
26.800000 
23.000000 
28.600000 
26.100000 
27.300000 
24.800000 
25.500000 
21.800000 
26.600000 
23.500000 
23.500000 
28.600000 
22.800000 
24.500000 
24.500000 
26.800000 
25.800000 
21.800000 
22.300000 
27.000000 
21.500000 
23.500000 
23.100000 
27.600000 
27.000000 
26.000000 
23.500000 
27.300000 
26.100000 
28.500000 
23.800000 
21.100000 
17.600000 
21.300000 
18.500000 
17.600000 
20.000000 
18.300000 
21.100000 
16.800000 
19.100000 
20.500000 
23.100000 
18.000000 
18.000000 
22.000000 
22.800000 
23.800000 
20.800000 
19.600000 
21.000000 
21.800000 
20.600000 
21.800000 
19.800000 
18.600000 
20.800000 
19.000000 
23.300000 
18.600000 
21.600000 
21.600000 
19.100000 
21.500000 
18.600000 
22.600000 
16.800000 
19.500000 
