25.000000 
25.800000 
24.300000 
25.300000 
25.300000 
21.800000 
31.600000 
23.100000 
23.500000 
25.000000 
29.500000 
21.300000 
20.300000 
27.100000 
23.500000 
25.000000 
27.300000 
24.600000 
21.800000 
21.800000 
26.800000 
25.800000 
27.300000 
27.600000 
26.800000 
25.800000 
23.600000 
26.300000 
24.300000 
27.800000 
25.100000 
25.800000 
29.500000 
24.800000 
27.800000 
23.800000 
19.300000 
20.300000 
19.300000 
18.500000 
21.800000 
19.000000 
21.300000 
20.600000 
20.000000 
19.000000 
20.000000 
20.800000 
18.000000 
19.500000 
15.000000 
21.000000 
20.300000 
21.000000 
21.300000 
23.000000 
20.800000 
18.600000 
16.600000 
21.800000 
20.000000 
20.100000 
18.000000 
19.100000 
24.100000 
21.600000 
18.300000 
22.600000 
20.600000 
17.000000 
17.100000 
20.300000 
