22.800000 
27.100000 
25.100000 
28.800000 
21.000000 
22.500000 
21.500000 
25.300000 
26.100000 
23.300000 
24.600000 
26.100000 
22.600000 
26.300000 
24.000000 
29.600000 
24.800000 
24.300000 
25.100000 
24.800000 
24.300000 
25.500000 
25.500000 
24.000000 
26.000000 
23.300000 
24.300000 
23.800000 
25.600000 
26.000000 
20.600000 
26.000000 
26.300000 
25.500000 
25.800000 
23.600000 
20.000000 
22.600000 
20.300000 
18.100000 
21.300000 
23.500000 
19.300000 
23.000000 
21.100000 
18.800000 
20.100000 
21.000000 
17.800000 
17.000000 
17.000000 
20.600000 
20.600000 
15.300000 
18.000000 
20.500000 
19.000000 
20.500000 
20.600000 
15.600000 
19.800000 
17.800000 
18.600000 
21.500000 
21.500000 
20.000000 
15.800000 
19.600000 
20.500000 
21.800000 
21.600000 
22.500000 
