24.100000 
23.300000 
25.100000 
22.000000 
24.800000 
25.000000 
23.500000 
26.100000 
23.600000 
27.500000 
23.600000 
23.100000 
27.000000 
23.800000 
26.300000 
26.100000 
26.300000 
22.800000 
26.800000 
25.600000 
23.800000 
26.100000 
30.300000 
25.000000 
24.300000 
27.300000 
25.800000 
25.300000 
24.500000 
26.000000 
26.800000 
28.600000 
30.100000 
27.000000 
25.600000 
23.500000 
19.500000 
24.000000 
19.800000 
16.500000 
19.600000 
21.800000 
20.000000 
19.500000 
16.300000 
17.100000 
19.100000 
20.100000 
20.500000 
20.100000 
21.100000 
19.300000 
20.000000 
19.800000 
20.800000 
19.100000 
17.100000 
21.000000 
18.300000 
17.800000 
21.300000 
17.600000 
19.800000 
22.800000 
23.500000 
21.800000 
21.100000 
16.600000 
17.800000 
21.800000 
21.800000 
19.800000 
