24.600000 
25.500000 
25.300000 
28.600000 
24.000000 
25.600000 
27.600000 
23.600000 
24.600000 
25.100000 
26.000000 
24.000000 
23.300000 
25.300000 
24.600000 
23.000000 
23.600000 
24.500000 
24.300000 
25.500000 
23.500000 
22.800000 
26.600000 
23.100000 
24.300000 
23.300000 
22.600000 
23.100000 
20.800000 
26.100000 
24.600000 
24.600000 
25.500000 
24.000000 
21.000000 
23.000000 
21.500000 
20.100000 
21.000000 
21.800000 
18.600000 
19.500000 
18.100000 
19.800000 
23.600000 
20.500000 
21.600000 
23.600000 
19.500000 
17.300000 
19.300000 
19.100000 
20.800000 
19.300000 
21.800000 
18.000000 
20.600000 
19.800000 
18.000000 
21.500000 
21.300000 
20.100000 
18.300000 
21.600000 
20.100000 
17.500000 
16.500000 
19.300000 
21.000000 
21.100000 
19.000000 
20.100000 
