23.100000 
24.600000 
24.300000 
25.800000 
23.300000 
26.600000 
24.800000 
27.300000 
26.500000 
25.600000 
22.800000 
26.100000 
23.800000 
22.800000 
24.100000 
25.600000 
24.300000 
22.000000 
28.000000 
26.100000 
22.300000 
24.100000 
26.100000 
24.000000 
26.800000 
23.000000 
26.000000 
26.000000 
25.500000 
25.500000 
25.100000 
25.000000 
26.000000 
23.600000 
23.800000 
27.300000 
19.600000 
17.000000 
17.100000 
18.800000 
20.100000 
19.100000 
17.100000 
20.100000 
19.000000 
17.600000 
19.600000 
20.600000 
21.600000 
21.300000 
18.600000 
17.000000 
20.500000 
18.500000 
19.600000 
17.500000 
19.600000 
18.500000 
19.100000 
19.100000 
19.500000 
18.800000 
18.800000 
19.300000 
17.300000 
20.800000 
18.500000 
19.800000 
18.500000 
20.100000 
22.300000 
19.600000 
