24.500000 
22.100000 
25.000000 
25.000000 
23.100000 
27.000000 
25.100000 
26.600000 
22.500000 
25.000000 
24.800000 
23.800000 
29.500000 
26.600000 
23.000000 
24.500000 
24.300000 
25.800000 
25.600000 
24.500000 
24.100000 
22.800000 
23.500000 
28.600000 
21.600000 
22.100000 
21.100000 
22.100000 
28.800000 
28.100000 
23.300000 
24.500000 
26.100000 
28.300000 
24.500000 
23.800000 
18.800000 
19.500000 
18.100000 
19.500000 
20.500000 
17.600000 
23.000000 
22.100000 
18.800000 
19.100000 
22.600000 
20.000000 
18.500000 
18.500000 
18.800000 
16.100000 
22.100000 
19.600000 
21.100000 
18.000000 
20.100000 
18.600000 
18.800000 
23.000000 
18.000000 
20.300000 
18.100000 
19.300000 
18.800000 
19.600000 
23.300000 
19.000000 
23.800000 
20.600000 
21.600000 
18.300000 
