26.800000 
22.000000 
23.000000 
28.100000 
24.800000 
24.100000 
26.600000 
25.300000 
25.600000 
26.100000 
23.600000 
24.100000 
23.000000 
22.300000 
23.300000 
22.300000 
28.000000 
25.800000 
24.000000 
25.300000 
23.600000 
26.600000 
27.600000 
26.600000 
23.600000 
25.100000 
25.300000 
24.500000 
27.300000 
23.600000 
26.600000 
28.000000 
26.000000 
30.100000 
28.000000 
25.600000 
21.800000 
17.100000 
23.300000 
19.500000 
19.300000 
21.000000 
15.600000 
18.600000 
19.800000 
20.000000 
19.300000 
22.600000 
22.000000 
18.500000 
20.600000 
18.800000 
22.000000 
19.800000 
23.300000 
20.500000 
18.100000 
19.300000 
21.500000 
19.000000 
18.600000 
25.300000 
19.300000 
19.600000 
19.800000 
19.600000 
21.500000 
20.800000 
19.500000 
19.100000 
22.600000 
18.100000 
