23.600000 
26.800000 
26.600000 
19.500000 
26.600000 
25.800000 
25.800000 
23.300000 
26.100000 
25.500000 
27.500000 
26.300000 
26.800000 
26.800000 
25.600000 
23.000000 
25.600000 
28.100000 
25.100000 
28.000000 
25.000000 
26.100000 
29.300000 
22.600000 
25.800000 
26.000000 
25.000000 
26.100000 
23.300000 
23.100000 
26.100000 
22.500000 
24.800000 
21.100000 
24.500000 
28.000000 
19.600000 
20.800000 
19.000000 
19.800000 
21.000000 
19.800000 
19.500000 
18.600000 
17.500000 
17.300000 
21.100000 
17.300000 
18.300000 
21.800000 
18.000000 
21.100000 
18.800000 
18.500000 
22.300000 
20.300000 
21.000000 
18.600000 
17.600000 
22.000000 
19.500000 
19.100000 
20.300000 
22.100000 
20.100000 
20.000000 
21.800000 
20.500000 
21.500000 
21.000000 
23.500000 
18.800000 
