26.100000 
24.500000 
25.100000 
22.800000 
25.000000 
23.100000 
22.000000 
24.800000 
25.300000 
22.100000 
24.500000 
24.300000 
26.600000 
27.300000 
25.800000 
26.000000 
24.300000 
25.300000 
20.600000 
27.100000 
26.800000 
21.800000 
25.300000 
22.600000 
26.100000 
26.500000 
26.800000 
21.800000 
24.600000 
23.500000 
29.000000 
24.500000 
26.100000 
23.500000 
23.500000 
27.300000 
18.100000 
22.100000 
21.100000 
22.000000 
19.800000 
17.300000 
20.500000 
19.500000 
19.800000 
19.500000 
23.000000 
19.000000 
22.000000 
20.500000 
19.600000 
23.100000 
17.600000 
19.300000 
18.600000 
19.000000 
16.800000 
20.800000 
22.500000 
17.800000 
21.000000 
21.000000 
16.800000 
20.600000 
21.300000 
16.800000 
22.600000 
19.500000 
22.100000 
19.100000 
22.300000 
21.000000 
