28.100000 
24.500000 
25.000000 
24.100000 
23.300000 
24.100000 
22.800000 
28.000000 
25.500000 
24.600000 
25.600000 
22.100000 
25.100000 
25.100000 
24.000000 
27.800000 
24.000000 
24.500000 
27.000000 
24.500000 
22.800000 
25.500000 
23.000000 
24.300000 
26.800000 
24.300000 
22.100000 
25.000000 
25.500000 
22.800000 
25.100000 
25.000000 
26.800000 
23.300000 
25.600000 
21.000000 
18.300000 
19.500000 
18.800000 
19.500000 
22.000000 
24.300000 
20.500000 
21.300000 
19.000000 
17.600000 
21.500000 
20.300000 
19.300000 
21.500000 
18.500000 
22.100000 
19.800000 
17.500000 
21.000000 
21.500000 
22.100000 
21.800000 
22.000000 
18.300000 
21.500000 
17.600000 
16.500000 
23.600000 
24.000000 
21.600000 
19.100000 
19.000000 
19.800000 
17.800000 
20.100000 
19.500000 
