20.600000 
24.500000 
27.800000 
23.800000 
23.600000 
24.800000 
26.300000 
24.500000 
25.500000 
25.100000 
23.800000 
24.300000 
23.800000 
24.100000 
25.800000 
23.800000 
24.800000 
26.100000 
24.800000 
24.500000 
23.500000 
22.300000 
22.000000 
26.300000 
22.000000 
23.100000 
27.100000 
22.600000 
26.300000 
23.600000 
23.300000 
27.500000 
25.300000 
26.100000 
23.500000 
22.500000 
17.600000 
20.300000 
15.600000 
15.800000 
20.800000 
22.600000 
19.600000 
17.800000 
19.800000 
19.600000 
21.500000 
20.600000 
20.600000 
23.100000 
20.000000 
21.800000 
22.500000 
23.000000 
19.800000 
18.000000 
16.500000 
20.000000 
17.000000 
19.800000 
20.600000 
21.800000 
21.800000 
19.500000 
20.100000 
20.800000 
18.800000 
19.100000 
20.800000 
18.800000 
20.300000 
23.000000 
