24.300000 
23.600000 
22.300000 
24.500000 
24.800000 
27.000000 
28.600000 
23.500000 
25.100000 
29.600000 
21.600000 
24.500000 
23.800000 
24.800000 
22.300000 
21.800000 
26.000000 
23.800000 
24.100000 
23.600000 
25.000000 
27.600000 
23.300000 
25.300000 
26.800000 
23.600000 
24.800000 
29.100000 
22.300000 
27.100000 
24.000000 
22.000000 
21.100000 
23.000000 
23.500000 
27.100000 
23.800000 
19.800000 
19.300000 
21.000000 
20.500000 
21.600000 
22.600000 
18.600000 
19.500000 
20.000000 
20.600000 
19.300000 
18.600000 
20.500000 
20.100000 
20.800000 
20.100000 
18.000000 
23.300000 
18.100000 
20.300000 
18.800000 
20.600000 
21.800000 
17.000000 
21.600000 
18.800000 
20.300000 
19.800000 
23.600000 
19.500000 
20.800000 
19.500000 
19.600000 
21.100000 
16.300000 
