23.600000 
24.100000 
25.600000 
24.600000 
27.600000 
23.500000 
23.500000 
24.100000 
26.300000 
23.100000 
23.500000 
24.600000 
25.500000 
24.500000 
27.000000 
21.300000 
25.600000 
26.100000 
24.600000 
26.500000 
23.600000 
23.300000 
24.800000 
22.100000 
25.100000 
24.500000 
25.500000 
25.600000 
27.500000 
22.800000 
25.000000 
27.100000 
23.000000 
25.500000 
24.600000 
29.600000 
20.600000 
21.300000 
20.500000 
17.000000 
20.300000 
14.500000 
17.800000 
18.000000 
20.300000 
17.500000 
19.500000 
20.500000 
20.300000 
21.600000 
20.600000 
21.100000 
19.600000 
18.300000 
18.800000 
17.500000 
20.500000 
21.000000 
19.300000 
22.800000 
21.500000 
19.300000 
16.300000 
17.000000 
17.000000 
22.100000 
22.600000 
21.300000 
16.600000 
18.500000 
22.500000 
21.000000 
