24.000000 
21.800000 
20.000000 
24.100000 
23.000000 
23.600000 
25.100000 
29.000000 
25.600000 
24.100000 
25.500000 
26.500000 
25.800000 
23.500000 
25.800000 
28.100000 
24.100000 
21.500000 
22.800000 
23.800000 
22.300000 
20.800000 
26.800000 
27.000000 
27.100000 
27.000000 
24.100000 
27.000000 
21.000000 
26.600000 
27.500000 
26.500000 
24.100000 
23.800000 
24.300000 
27.600000 
17.500000 
20.100000 
21.300000 
20.800000 
21.100000 
22.300000 
18.100000 
19.300000 
21.000000 
18.100000 
23.100000 
20.500000 
21.500000 
16.800000 
17.300000 
19.500000 
19.100000 
23.000000 
19.100000 
18.800000 
21.500000 
20.600000 
17.500000 
18.800000 
17.500000 
19.600000 
22.800000 
17.300000 
22.100000 
17.000000 
20.300000 
15.800000 
20.300000 
20.300000 
19.300000 
19.500000 
