23.800000 
22.000000 
25.500000 
27.600000 
22.500000 
25.500000 
22.500000 
28.500000 
27.300000 
26.800000 
22.000000 
25.000000 
24.500000 
28.500000 
24.000000 
21.800000 
24.600000 
26.500000 
23.800000 
20.500000 
29.100000 
24.800000 
26.500000 
25.600000 
24.600000 
22.000000 
27.800000 
26.500000 
26.500000 
23.600000 
23.600000 
26.300000 
21.600000 
26.100000 
27.000000 
25.600000 
23.100000 
20.500000 
16.000000 
21.000000 
20.500000 
22.000000 
20.800000 
20.500000 
18.000000 
19.300000 
21.600000 
21.300000 
21.800000 
18.100000 
20.600000 
20.000000 
20.800000 
20.300000 
21.300000 
21.000000 
19.300000 
20.300000 
18.300000 
19.100000 
26.300000 
19.800000 
20.300000 
20.500000 
23.800000 
21.100000 
22.800000 
17.600000 
17.800000 
17.300000 
21.000000 
17.300000 
