29.500000 
21.000000 
24.800000 
28.000000 
23.500000 
24.500000 
25.000000 
29.300000 
25.600000 
25.000000 
23.800000 
27.300000 
26.000000 
24.100000 
24.100000 
23.500000 
30.600000 
24.100000 
24.300000 
22.300000 
22.300000 
23.800000 
28.000000 
27.300000 
22.000000 
26.600000 
27.000000 
25.000000 
27.000000 
29.800000 
23.800000 
24.300000 
28.500000 
21.600000 
23.500000 
26.000000 
22.500000 
19.300000 
19.300000 
20.600000 
17.500000 
17.600000 
19.100000 
21.500000 
17.800000 
18.100000 
22.300000 
18.500000 
16.800000 
21.000000 
18.500000 
19.500000 
19.000000 
20.500000 
21.300000 
18.100000 
25.000000 
19.600000 
18.300000 
18.500000 
18.800000 
19.300000 
21.300000 
18.800000 
19.500000 
21.300000 
21.000000 
20.500000 
19.600000 
18.600000 
19.500000 
20.600000 
