26.600000 
26.800000 
22.800000 
22.000000 
24.800000 
25.000000 
30.500000 
25.100000 
24.000000 
26.300000 
25.000000 
27.500000 
26.500000 
23.000000 
24.600000 
25.000000 
23.300000 
24.300000 
27.300000 
25.500000 
23.500000 
25.600000 
25.800000 
24.600000 
24.100000 
24.500000 
20.100000 
25.300000 
25.600000 
27.800000 
24.300000 
24.800000 
28.300000 
25.800000 
25.100000 
24.000000 
19.500000 
22.500000 
19.800000 
16.500000 
21.800000 
22.300000 
21.600000 
19.800000 
17.000000 
20.000000 
19.600000 
19.000000 
23.300000 
20.000000 
19.800000 
19.800000 
20.600000 
22.000000 
21.800000 
18.300000 
21.800000 
18.500000 
20.300000 
17.600000 
21.300000 
21.000000 
22.000000 
20.600000 
18.000000 
16.600000 
20.800000 
18.300000 
22.000000 
18.300000 
21.100000 
19.800000 
