29.800000 
22.600000 
27.300000 
26.300000 
24.300000 
20.100000 
28.100000 
25.000000 
23.300000 
24.600000 
24.800000 
28.500000 
22.800000 
29.300000 
24.100000 
23.800000 
21.600000 
25.600000 
26.100000 
25.100000 
27.000000 
25.000000 
26.600000 
24.000000 
28.300000 
22.500000 
23.100000 
23.800000 
24.100000 
25.100000 
28.600000 
22.800000 
26.100000 
26.800000 
27.000000 
23.800000 
19.300000 
18.100000 
17.800000 
19.300000 
18.500000 
21.000000 
14.100000 
18.100000 
19.800000 
20.800000 
18.800000 
20.300000 
19.800000 
19.000000 
21.100000 
17.600000 
19.300000 
18.300000 
22.300000 
18.500000 
22.000000 
18.000000 
21.600000 
19.100000 
21.800000 
22.000000 
18.300000 
18.800000 
21.000000 
18.100000 
23.500000 
21.300000 
18.100000 
22.500000 
19.600000 
23.300000 
