13.300000 
12.900000 
14.700000 
14.200000 
17.100000 
18.500000 
14.700000 
16.100000 
13.800000 
14.500000 
16.000000 
15.100000 
15.500000 
14.800000 
14.100000 
14.700000 
14.500000 
14.200000 
14.900000 
14.600000 
14.700000 
18.400000 
15.600000 
13.700000 
17.000000 
16.800000 
13.500000 
14.300000 
15.100000 
15.200000 
16.200000 
15.200000 
14.900000 
15.300000 
14.700000 
11.500000 
17.100000 
16.200000 
14.700000 
14.400000 
16.500000 
13.900000 
14.700000 
15.700000 
14.400000 
13.900000 
15.500000 
15.600000 
14.800000 
14.800000 
15.500000 
13.500000 
15.000000 
14.600000 
15.700000 
17.100000 
13.400000 
16.900000 
15.900000 
14.700000 
15.100000 
13.900000 
16.300000 
16.500000 
14.800000 
13.900000 
16.100000 
15.800000 
15.600000 
12.600000 
15.600000 
12.900000 
16.000000 
14.500000 
15.700000 
15.800000 
13.900000 
15.900000 
14.500000 
15.000000 
13.800000 
15.500000 
15.200000 
15.100000 
15.200000 
16.500000 
13.300000 
15.000000 
15.500000 
13.600000 
13.700000 
13.700000 
16.100000 
15.200000 
17.200000 
16.100000 
14.000000 
15.600000 
13.700000 
16.100000 
12.900000 
13.000000 
11.800000 
10.400000 
12.000000 
11.700000 
10.600000 
10.200000 
11.500000 
11.200000 
9.700000 
13.000000 
12.800000 
11.000000 
12.500000 
8.900000 
13.600000 
10.600000 
11.600000 
12.600000 
10.700000 
12.100000 
12.500000 
13.000000 
14.200000 
10.700000 
12.100000 
11.100000 
12.100000 
11.900000 
10.900000 
12.500000 
12.500000 
11.500000 
12.200000 
9.700000 
13.800000 
12.800000 
12.000000 
11.300000 
12.200000 
12.200000 
12.500000 
10.400000 
11.400000 
10.500000 
10.600000 
13.300000 
12.600000 
12.100000 
11.300000 
12.400000 
10.400000 
11.200000 
12.900000 
12.400000 
11.800000 
12.700000 
10.600000 
12.000000 
10.800000 
14.300000 
9.800000 
10.700000 
11.400000 
11.200000 
13.300000 
10.500000 
10.100000 
11.700000 
11.300000 
13.900000 
15.200000 
11.700000 
13.000000 
10.900000 
11.600000 
12.900000 
12.100000 
12.500000 
11.800000 
11.200000 
11.800000 
12.000000 
11.500000 
11.300000 
11.900000 
11.600000 
11.700000 
15.100000 
12.600000 
10.800000 
13.700000 
13.600000 
10.600000 
11.400000 
12.100000 
12.200000 
13.000000 
12.200000 
