21.800000 
22.100000 
24.000000 
25.800000 
23.800000 
24.500000 
24.000000 
25.300000 
26.000000 
25.300000 
26.800000 
26.100000 
21.600000 
24.800000 
25.800000 
25.000000 
27.800000 
29.100000 
26.100000 
27.500000 
26.500000 
27.100000 
22.600000 
25.500000 
23.100000 
24.300000 
25.300000 
23.300000 
22.300000 
23.500000 
26.500000 
23.100000 
22.300000 
22.600000 
23.500000 
23.500000 
19.300000 
24.500000 
21.000000 
16.800000 
19.300000 
17.300000 
16.100000 
21.600000 
20.300000 
19.000000 
18.600000 
18.000000 
18.000000 
19.300000 
21.100000 
18.100000 
16.600000 
18.500000 
21.800000 
17.800000 
19.500000 
21.300000 
20.300000 
23.000000 
21.300000 
20.500000 
18.500000 
22.500000 
19.000000 
22.800000 
19.800000 
18.500000 
20.500000 
17.600000 
17.500000 
18.600000 
