24.500000 
24.300000 
23.800000 
20.300000 
22.800000 
28.600000 
22.300000 
23.000000 
26.000000 
24.500000 
22.500000 
24.300000 
24.100000 
28.100000 
26.500000 
25.300000 
22.300000 
25.500000 
20.000000 
20.300000 
26.000000 
27.800000 
24.600000 
22.500000 
24.800000 
24.600000 
26.600000 
25.800000 
25.600000 
28.500000 
25.000000 
27.000000 
27.800000 
28.300000 
24.800000 
22.800000 
20.500000 
20.100000 
19.000000 
19.300000 
18.800000 
19.500000 
21.100000 
19.500000 
19.000000 
18.100000 
17.100000 
22.800000 
19.300000 
18.300000 
18.100000 
19.000000 
18.100000 
19.000000 
20.000000 
22.000000 
19.500000 
18.100000 
19.600000 
20.500000 
20.600000 
17.100000 
20.600000 
22.300000 
17.100000 
19.300000 
18.600000 
18.800000 
18.600000 
20.500000 
16.500000 
19.800000 
