24.600000 
27.500000 
27.300000 
26.300000 
24.100000 
27.800000 
27.300000 
21.800000 
22.600000 
25.000000 
23.000000 
26.100000 
25.000000 
25.100000 
26.000000 
22.500000 
22.800000 
26.500000 
25.500000 
21.100000 
24.300000 
19.800000 
25.100000 
23.800000 
23.100000 
29.300000 
28.600000 
27.800000 
26.000000 
22.800000 
23.300000 
24.300000 
24.600000 
23.100000 
21.300000 
27.600000 
21.000000 
20.600000 
21.000000 
20.000000 
20.500000 
16.500000 
20.000000 
25.600000 
17.500000 
18.800000 
20.100000 
18.800000 
18.800000 
19.800000 
18.300000 
17.300000 
21.100000 
18.000000 
22.300000 
20.600000 
20.500000 
20.300000 
17.800000 
20.600000 
22.100000 
19.800000 
19.500000 
19.800000 
17.800000 
17.800000 
21.100000 
21.100000 
16.600000 
21.500000 
24.300000 
20.000000 
