24.100000 
26.500000 
23.000000 
19.100000 
24.000000 
27.500000 
26.000000 
24.500000 
26.600000 
24.000000 
24.000000 
26.600000 
24.600000 
28.100000 
23.800000 
21.500000 
22.800000 
21.300000 
31.600000 
23.300000 
24.500000 
26.100000 
20.600000 
26.300000 
23.500000 
27.600000 
25.100000 
22.600000 
22.500000 
24.500000 
21.000000 
26.500000 
24.100000 
27.000000 
23.500000 
26.000000 
21.000000 
23.500000 
21.000000 
17.100000 
21.000000 
20.100000 
22.000000 
19.000000 
19.000000 
17.500000 
20.100000 
20.500000 
20.100000 
20.100000 
21.600000 
17.000000 
18.800000 
20.800000 
17.300000 
21.100000 
22.300000 
19.600000 
22.300000 
21.100000 
19.800000 
21.000000 
18.100000 
20.100000 
19.800000 
20.800000 
18.600000 
19.100000 
20.500000 
19.800000 
18.600000 
19.300000 
