25.800000 
25.800000 
26.500000 
26.100000 
25.800000 
24.100000 
31.600000 
24.800000 
22.600000 
25.000000 
26.500000 
25.600000 
24.600000 
22.300000 
24.000000 
26.000000 
25.800000 
24.100000 
27.000000 
22.300000 
24.000000 
26.600000 
25.000000 
26.300000 
26.500000 
22.600000 
27.000000 
26.800000 
21.500000 
24.100000 
27.000000 
24.500000 
21.600000 
23.500000 
27.100000 
24.500000 
23.100000 
19.100000 
18.600000 
20.600000 
23.100000 
19.800000 
18.600000 
22.800000 
23.500000 
18.800000 
21.300000 
20.100000 
17.800000 
20.800000 
17.600000 
17.500000 
23.800000 
18.600000 
23.300000 
18.000000 
18.000000 
22.800000 
19.000000 
19.100000 
16.600000 
21.500000 
18.800000 
16.500000 
20.600000 
21.000000 
19.100000 
18.300000 
21.000000 
22.800000 
21.300000 
24.000000 
