24.600000 
26.000000 
27.100000 
24.600000 
23.600000 
28.100000 
24.500000 
23.500000 
23.600000 
26.100000 
25.500000 
27.800000 
27.600000 
25.600000 
27.000000 
20.800000 
26.000000 
24.300000 
24.800000 
27.800000 
22.600000 
26.300000 
24.600000 
24.300000 
29.000000 
20.300000 
25.300000 
24.000000 
30.500000 
26.300000 
23.600000 
22.600000 
23.300000 
24.500000 
24.600000 
27.800000 
18.300000 
19.000000 
14.800000 
23.100000 
17.100000 
22.300000 
19.100000 
18.500000 
18.500000 
19.100000 
21.100000 
18.600000 
19.300000 
19.800000 
22.100000 
22.300000 
20.800000 
18.800000 
19.300000 
21.800000 
20.300000 
18.800000 
16.100000 
19.000000 
18.500000 
16.100000 
19.600000 
18.500000 
23.100000 
20.100000 
19.800000 
18.100000 
19.300000 
20.800000 
21.600000 
19.600000 
