21.300000 
25.600000 
23.100000 
25.300000 
23.300000 
25.100000 
22.600000 
22.800000 
24.800000 
27.800000 
26.000000 
24.800000 
28.500000 
29.300000 
27.600000 
24.600000 
25.800000 
26.000000 
21.500000 
23.300000 
25.100000 
25.600000 
25.100000 
25.800000 
22.000000 
21.000000 
25.100000 
24.600000 
23.500000 
24.100000 
27.600000 
22.500000 
28.000000 
27.600000 
26.500000 
28.300000 
15.800000 
17.800000 
20.300000 
21.800000 
19.800000 
23.000000 
21.300000 
18.500000 
19.000000 
20.300000 
14.800000 
20.800000 
20.300000 
20.600000 
19.000000 
19.300000 
21.000000 
17.500000 
19.800000 
21.600000 
21.300000 
17.300000 
21.000000 
21.300000 
21.600000 
19.600000 
19.500000 
20.500000 
19.600000 
21.100000 
19.600000 
17.800000 
20.600000 
22.100000 
21.300000 
18.800000 
