25.300000 
25.600000 
22.000000 
23.600000 
28.600000 
27.000000 
25.300000 
26.500000 
19.300000 
22.300000 
29.300000 
20.600000 
24.800000 
24.100000 
27.500000 
27.300000 
24.100000 
27.100000 
25.800000 
23.500000 
23.600000 
22.500000 
22.100000 
22.600000 
25.500000 
26.300000 
27.800000 
23.300000 
28.800000 
24.000000 
25.600000 
25.300000 
24.100000 
22.500000 
27.000000 
19.800000 
22.000000 
20.800000 
19.100000 
19.300000 
18.600000 
25.000000 
19.300000 
19.300000 
17.500000 
17.500000 
19.000000 
22.600000 
22.000000 
17.300000 
21.500000 
21.800000 
20.000000 
21.800000 
24.300000 
18.800000 
19.300000 
23.100000 
17.000000 
18.600000 
20.800000 
16.600000 
21.500000 
22.600000 
22.100000 
15.800000 
18.500000 
21.300000 
19.000000 
19.500000 
17.000000 
20.000000 
