25.600000 
20.300000 
28.500000 
24.600000 
22.300000 
20.500000 
23.800000 
24.300000 
24.800000 
25.800000 
27.600000 
23.500000 
24.000000 
23.100000 
26.300000 
26.100000 
24.000000 
22.300000 
25.500000 
23.300000 
23.800000 
25.100000 
21.800000 
24.600000 
25.100000 
25.000000 
25.300000 
25.000000 
27.000000 
22.500000 
21.000000 
21.600000 
26.600000 
22.100000 
25.100000 
23.100000 
20.000000 
21.300000 
20.100000 
19.000000 
20.600000 
18.800000 
18.300000 
20.100000 
20.300000 
18.600000 
20.300000 
19.500000 
19.100000 
22.000000 
18.100000 
22.000000 
20.000000 
18.600000 
20.600000 
23.300000 
20.100000 
20.600000 
23.300000 
22.300000 
19.000000 
19.000000 
19.500000 
17.000000 
18.000000 
15.600000 
20.600000 
20.500000 
20.300000 
19.100000 
20.300000 
21.300000 
