25.300000 
25.100000 
30.000000 
24.100000 
26.800000 
28.500000 
25.000000 
22.600000 
24.600000 
23.300000 
27.600000 
24.600000 
24.500000 
26.100000 
23.500000 
26.500000 
27.100000 
25.100000 
27.500000 
26.100000 
20.800000 
26.000000 
23.500000 
26.800000 
24.800000 
29.500000 
27.100000 
23.300000 
28.800000 
22.800000 
24.600000 
28.500000 
26.800000 
26.500000 
23.100000 
28.500000 
21.000000 
21.600000 
20.800000 
20.300000 
20.300000 
24.100000 
19.800000 
19.800000 
18.000000 
19.600000 
22.300000 
18.500000 
17.500000 
22.800000 
21.500000 
20.100000 
20.000000 
17.800000 
18.800000 
19.100000 
21.600000 
20.300000 
19.800000 
21.600000 
18.000000 
18.800000 
19.500000 
20.500000 
23.800000 
19.300000 
18.600000 
19.300000 
22.300000 
18.100000 
23.100000 
18.300000 
