25.000000 
24.500000 
26.100000 
23.600000 
24.800000 
27.300000 
23.600000 
26.300000 
24.600000 
26.100000 
20.300000 
24.100000 
26.500000 
25.100000 
22.800000 
27.500000 
29.500000 
25.300000 
24.800000 
21.600000 
23.600000 
26.100000 
27.100000 
26.100000 
24.000000 
22.000000 
26.100000 
25.300000 
24.300000 
23.500000 
25.300000 
28.600000 
27.300000 
28.100000 
24.300000 
26.300000 
16.800000 
22.500000 
19.100000 
18.600000 
18.300000 
23.100000 
20.600000 
19.000000 
20.000000 
21.300000 
18.800000 
18.600000 
17.000000 
21.500000 
19.100000 
20.100000 
22.000000 
16.800000 
19.100000 
15.600000 
16.800000 
20.600000 
17.300000 
18.600000 
18.500000 
20.100000 
24.000000 
20.300000 
20.600000 
20.300000 
19.600000 
19.300000 
18.600000 
18.500000 
19.300000 
19.600000 
