27.000000 
29.600000 
28.100000 
24.600000 
21.600000 
25.500000 
23.600000 
25.500000 
24.000000 
28.000000 
23.800000 
23.800000 
24.500000 
25.800000 
23.800000 
27.300000 
21.500000 
25.000000 
24.100000 
25.100000 
27.600000 
22.800000 
30.500000 
24.100000 
25.500000 
22.500000 
21.000000 
23.800000 
24.300000 
25.500000 
24.500000 
24.100000 
24.600000 
26.500000 
27.600000 
24.600000 
20.600000 
17.500000 
20.100000 
20.100000 
19.000000 
22.500000 
19.000000 
19.500000 
21.800000 
19.500000 
18.000000 
20.300000 
18.100000 
19.500000 
21.600000 
19.300000 
17.500000 
20.000000 
20.500000 
18.000000 
20.100000 
20.000000 
21.600000 
18.500000 
20.600000 
16.500000 
22.100000 
20.300000 
20.100000 
18.800000 
20.100000 
18.800000 
21.600000 
18.000000 
18.800000 
19.000000 
