24.300000 
22.800000 
25.000000 
26.100000 
28.500000 
23.600000 
23.000000 
23.000000 
21.500000 
24.600000 
26.300000 
21.800000 
23.500000 
23.500000 
24.800000 
24.100000 
24.000000 
25.800000 
25.600000 
29.800000 
26.800000 
26.500000 
27.800000 
25.800000 
25.000000 
22.800000 
25.000000 
26.600000 
20.300000 
28.100000 
24.300000 
23.500000 
24.000000 
24.500000 
29.100000 
25.300000 
19.000000 
21.300000 
20.000000 
16.100000 
19.600000 
21.100000 
20.300000 
18.800000 
17.300000 
23.000000 
16.500000 
20.800000 
21.600000 
17.800000 
19.000000 
21.300000 
22.100000 
21.500000 
21.800000 
21.100000 
20.300000 
18.500000 
18.500000 
19.100000 
19.500000 
21.100000 
19.600000 
20.100000 
20.800000 
20.500000 
22.100000 
18.000000 
20.600000 
19.000000 
18.000000 
20.100000 
