21.300000 
23.000000 
25.800000 
26.300000 
27.300000 
29.100000 
28.500000 
27.000000 
27.100000 
23.500000 
21.500000 
22.600000 
28.300000 
23.000000 
24.300000 
24.000000 
28.300000 
24.100000 
28.000000 
24.500000 
22.300000 
28.000000 
23.600000 
24.300000 
25.600000 
24.800000 
27.300000 
21.500000 
23.300000 
24.000000 
25.300000 
25.600000 
24.100000 
28.000000 
24.100000 
24.800000 
18.800000 
19.100000 
19.600000 
19.500000 
20.000000 
20.100000 
18.500000 
17.500000 
19.500000 
20.800000 
17.800000 
19.100000 
19.500000 
19.500000 
20.000000 
19.100000 
19.500000 
18.300000 
20.500000 
19.600000 
19.500000 
22.600000 
20.800000 
24.500000 
20.800000 
18.500000 
19.600000 
20.300000 
21.000000 
19.800000 
19.800000 
20.500000 
20.000000 
18.800000 
20.500000 
18.800000 
