23.100000 
24.500000 
26.800000 
24.100000 
25.100000 
21.500000 
21.500000 
26.600000 
20.300000 
29.100000 
24.100000 
25.500000 
27.100000 
25.300000 
25.100000 
27.100000 
25.800000 
25.100000 
24.000000 
27.000000 
29.600000 
24.000000 
20.300000 
21.600000 
25.500000 
26.600000 
24.000000 
24.600000 
24.000000 
24.300000 
27.500000 
24.600000 
24.300000 
24.300000 
31.800000 
25.000000 
22.600000 
23.000000 
17.800000 
19.100000 
19.300000 
23.300000 
17.500000 
21.600000 
20.000000 
18.100000 
17.300000 
24.600000 
20.600000 
15.800000 
20.300000 
19.300000 
18.100000 
22.100000 
21.600000 
18.000000 
19.000000 
18.600000 
20.500000 
24.100000 
18.500000 
18.600000 
19.100000 
19.800000 
23.100000 
20.600000 
18.800000 
21.600000 
20.000000 
18.100000 
20.000000 
20.500000 
