24.500000 
31.100000 
26.100000 
22.800000 
24.100000 
26.300000 
23.000000 
21.100000 
23.300000 
27.100000 
22.600000 
24.300000 
26.500000 
25.300000 
28.300000 
26.500000 
25.500000 
23.300000 
27.800000 
23.800000 
28.100000 
24.800000 
23.300000 
25.600000 
22.300000 
22.300000 
23.500000 
25.000000 
25.600000 
25.500000 
24.500000 
27.100000 
27.300000 
23.800000 
23.600000 
23.800000 
19.800000 
19.800000 
18.300000 
20.100000 
18.500000 
18.300000 
21.300000 
19.300000 
16.100000 
17.800000 
22.300000 
21.500000 
19.600000 
20.500000 
17.800000 
20.500000 
22.100000 
22.000000 
19.500000 
19.600000 
18.500000 
20.100000 
23.000000 
18.800000 
14.800000 
21.300000 
19.300000 
22.100000 
18.500000 
20.100000 
20.500000 
20.000000 
19.000000 
22.000000 
22.800000 
19.600000 
