24.300000 
27.100000 
25.800000 
24.600000 
22.800000 
21.000000 
26.000000 
30.300000 
26.000000 
19.100000 
23.000000 
22.000000 
23.000000 
23.500000 
25.100000 
23.000000 
21.000000 
22.000000 
23.500000 
24.100000 
24.100000 
28.100000 
24.300000 
22.000000 
24.300000 
27.500000 
22.800000 
23.800000 
25.300000 
23.100000 
26.100000 
27.800000 
24.600000 
24.100000 
23.500000 
23.300000 
18.800000 
23.600000 
21.100000 
18.600000 
18.100000 
17.000000 
21.000000 
22.000000 
21.800000 
22.100000 
19.000000 
20.100000 
20.300000 
18.600000 
19.600000 
18.300000 
19.100000 
20.500000 
19.100000 
19.100000 
24.600000 
22.100000 
18.100000 
20.800000 
18.100000 
20.000000 
19.000000 
20.600000 
23.100000 
17.300000 
21.000000 
21.300000 
19.100000 
20.300000 
20.000000 
17.600000 
