22.300000 
23.800000 
27.500000 
23.300000 
23.300000 
23.300000 
26.000000 
22.500000 
24.100000 
20.300000 
23.100000 
25.600000 
22.500000 
24.000000 
23.000000 
30.500000 
25.800000 
22.000000 
28.600000 
25.100000 
23.100000 
20.000000 
23.100000 
25.300000 
25.800000 
23.000000 
24.800000 
24.600000 
22.300000 
26.300000 
26.800000 
24.300000 
28.000000 
23.100000 
26.000000 
23.800000 
20.100000 
24.000000 
20.000000 
19.500000 
18.000000 
23.500000 
20.300000 
22.800000 
18.600000 
22.300000 
21.600000 
19.000000 
19.300000 
19.000000 
19.600000 
18.000000 
20.000000 
19.600000 
20.000000 
18.100000 
22.100000 
20.100000 
24.600000 
22.500000 
19.600000 
19.300000 
22.000000 
20.100000 
18.500000 
15.000000 
19.300000 
18.500000 
18.000000 
21.000000 
19.000000 
21.100000 
