25.800000 
25.800000 
24.800000 
22.600000 
26.600000 
26.500000 
25.100000 
23.100000 
26.800000 
25.100000 
22.300000 
21.100000 
24.300000 
26.100000 
26.300000 
23.800000 
25.100000 
26.100000 
24.000000 
28.100000 
22.600000 
22.600000 
29.000000 
26.100000 
24.600000 
25.800000 
24.800000 
20.000000 
23.800000 
24.600000 
24.100000 
25.300000 
28.800000 
22.800000 
27.300000 
25.600000 
25.000000 
19.300000 
24.800000 
19.100000 
23.000000 
22.100000 
19.600000 
16.800000 
21.300000 
19.100000 
20.800000 
18.500000 
16.600000 
20.600000 
20.000000 
23.000000 
19.100000 
19.100000 
23.500000 
21.500000 
21.800000 
22.100000 
20.500000 
21.800000 
17.100000 
18.300000 
18.600000 
19.100000 
19.100000 
20.000000 
22.600000 
20.600000 
18.600000 
21.100000 
21.100000 
17.600000 
