26.500000 
20.600000 
22.100000 
24.100000 
24.300000 
24.100000 
25.100000 
26.600000 
24.800000 
26.100000 
24.000000 
29.500000 
24.500000 
26.500000 
22.500000 
28.600000 
20.300000 
24.800000 
23.600000 
26.100000 
25.800000 
22.300000 
23.100000 
30.000000 
22.500000 
26.300000 
22.600000 
27.600000 
25.800000 
26.300000 
26.300000 
25.500000 
23.300000 
26.300000 
26.300000 
26.000000 
24.300000 
18.300000 
19.100000 
19.100000 
22.800000 
19.600000 
17.000000 
22.500000 
18.300000 
21.300000 
20.300000 
19.500000 
18.600000 
19.500000 
20.100000 
20.100000 
18.600000 
19.300000 
20.300000 
20.000000 
22.000000 
20.600000 
20.800000 
19.300000 
19.800000 
22.500000 
19.300000 
22.300000 
20.500000 
20.800000 
19.600000 
19.000000 
22.800000 
18.100000 
20.600000 
20.000000 
