26.300000 
28.800000 
27.300000 
26.000000 
25.600000 
26.500000 
25.600000 
26.300000 
29.600000 
22.600000 
27.000000 
24.100000 
24.000000 
21.800000 
24.500000 
24.100000 
26.300000 
25.500000 
25.000000 
26.800000 
26.500000 
25.100000 
26.600000 
26.300000 
21.800000 
26.600000 
24.500000 
25.500000 
26.500000 
22.100000 
25.100000 
28.100000 
20.800000 
24.000000 
27.000000 
23.100000 
22.600000 
17.100000 
18.300000 
15.300000 
24.000000 
19.000000 
23.500000 
19.000000 
17.600000 
19.300000 
22.500000 
22.000000 
22.300000 
18.000000 
19.600000 
20.800000 
17.300000 
21.100000 
23.600000 
18.600000 
20.500000 
22.000000 
15.000000 
20.100000 
21.000000 
21.300000 
19.300000 
19.600000 
22.000000 
20.000000 
17.800000 
17.500000 
20.300000 
21.300000 
17.800000 
20.500000 
