24.300000 
25.500000 
24.100000 
25.500000 
25.800000 
25.000000 
25.300000 
25.500000 
25.600000 
22.300000 
22.800000 
27.600000 
26.600000 
25.500000 
24.300000 
27.600000 
23.500000 
22.300000 
27.000000 
25.800000 
28.800000 
26.600000 
25.600000 
26.800000 
28.500000 
21.000000 
24.800000 
23.500000 
25.800000 
25.300000 
24.100000 
25.000000 
23.600000 
25.000000 
23.500000 
23.500000 
21.100000 
21.500000 
22.300000 
21.000000 
15.800000 
19.800000 
22.100000 
20.000000 
19.300000 
19.000000 
22.500000 
21.300000 
21.000000 
21.000000 
23.100000 
18.800000 
20.500000 
25.100000 
18.800000 
19.500000 
19.300000 
22.000000 
17.600000 
18.100000 
21.600000 
17.300000 
21.300000 
21.100000 
19.800000 
21.500000 
16.800000 
21.000000 
21.300000 
19.600000 
22.500000 
21.500000 
