23.500000 
23.100000 
24.100000 
24.500000 
25.100000 
25.500000 
25.600000 
26.600000 
19.100000 
25.300000 
23.500000 
26.600000 
23.600000 
28.600000 
24.100000 
27.300000 
23.800000 
26.800000 
24.100000 
26.500000 
23.000000 
28.800000 
25.500000 
25.000000 
24.800000 
26.600000 
26.100000 
27.100000 
23.800000 
21.500000 
23.100000 
26.300000 
28.500000 
23.300000 
25.000000 
27.500000 
20.000000 
17.800000 
18.500000 
17.500000 
20.800000 
18.000000 
20.500000 
18.600000 
22.800000 
21.800000 
19.300000 
20.000000 
22.300000 
23.100000 
19.000000 
20.100000 
20.800000 
23.500000 
20.100000 
20.500000 
17.100000 
19.800000 
21.800000 
20.300000 
18.800000 
18.100000 
19.500000 
19.300000 
16.800000 
22.100000 
20.500000 
17.100000 
23.300000 
19.600000 
19.000000 
17.300000 
