27.300000 
23.300000 
25.800000 
29.100000 
25.500000 
26.300000 
23.800000 
25.500000 
24.000000 
27.500000 
25.100000 
27.000000 
23.500000 
25.800000 
23.100000 
22.600000 
24.000000 
23.000000 
28.000000 
24.300000 
22.500000 
21.300000 
23.100000 
21.800000 
22.600000 
23.800000 
25.800000 
28.100000 
25.800000 
26.500000 
23.000000 
26.000000 
27.800000 
26.000000 
26.600000 
22.800000 
23.000000 
19.300000 
22.300000 
20.100000 
19.000000 
20.100000 
18.500000 
19.500000 
16.000000 
19.600000 
20.600000 
19.600000 
20.600000 
19.300000 
22.600000 
16.500000 
17.000000 
16.600000 
22.600000 
22.000000 
20.300000 
21.800000 
20.300000 
19.600000 
21.300000 
21.000000 
19.100000 
20.800000 
20.600000 
19.100000 
21.600000 
19.500000 
17.100000 
18.100000 
22.100000 
20.600000 
