25.300000 
29.300000 
26.300000 
24.500000 
24.800000 
22.800000 
27.800000 
28.300000 
25.500000 
21.800000 
22.600000 
27.600000 
29.500000 
25.600000 
23.000000 
23.000000 
25.100000 
22.300000 
26.500000 
22.800000 
25.300000 
31.500000 
22.800000 
20.300000 
26.300000 
26.600000 
25.600000 
28.800000 
27.600000 
21.000000 
25.100000 
25.300000 
24.300000 
24.600000 
27.800000 
25.100000 
22.100000 
18.100000 
20.100000 
22.300000 
22.300000 
21.600000 
20.600000 
21.300000 
21.800000 
20.000000 
20.000000 
20.300000 
16.100000 
19.300000 
20.600000 
18.500000 
23.000000 
19.100000 
19.500000 
18.000000 
17.500000 
16.500000 
20.800000 
20.500000 
19.300000 
21.800000 
19.600000 
20.500000 
19.000000 
19.300000 
21.100000 
22.300000 
18.800000 
19.000000 
23.600000 
22.000000 
