4.000000 
3.800000 
3.700000 
3.300000 
3.000000 
2.800000 
2.600000 
3.300000 
2.700000 
2.800000 
4.500000 
4.100000 
3.300000 
3.600000 
3.400000 
3.000000 
3.900000 
3.900000 
3.400000 
3.500000 
3.200000 
4.400000 
3.700000 
3.700000 
3.300000 
2.800000 
2.000000 
3.300000 
3.300000 
3.600000 
4.400000 
4.000000 
3.600000 
4.500000 
2.100000 
5.200000 
4.400000 
3.600000 
3.300000 
4.500000 
3.700000 
3.600000 
4.200000 
2.600000 
4.600000 
4.100000 
3.800000 
4.000000 
3.000000 
3.400000 
