26.200000 
22.800000 
21.900000 
23.100000 
25.900000 
17.000000 
26.200000 
21.000000 
21.500000 
33.600000 
25.100000 
17.200000 
15.200000 
29.900000 
18.800000 
21.800000 
17.800000 
24.200000 
30.400000 
19.500000 
25.300000 
15.200000 
17.500000 
20.600000 
19.100000 
21.000000 
19.800000 
13.500000 
18.400000 
27.500000 
24.300000 
19.600000 
21.500000 
26.100000 
21.400000 
21.500000 
24.800000 
22.600000 
20.800000 
14.500000 
25.500000 
25.500000 
18.500000 
26.800000 
21.500000 
24.800000 
26.000000 
23.800000 
24.800000 
22.400000 
19.100000 
30.400000 
16.500000 
23.200000 
22.800000 
22.300000 
21.000000 
23.100000 
25.700000 
19.300000 
23.200000 
24.600000 
19.000000 
17.900000 
