24.100000 
20.600000 
22.300000 
27.300000 
27.100000 
16.500000 
14.900000 
27.000000 
22.900000 
22.000000 
23.200000 
14.700000 
24.400000 
13.600000 
22.400000 
30.200000 
25.300000 
27.700000 
28.300000 
19.300000 
24.400000 
18.700000 
30.500000 
25.600000 
28.800000 
25.200000 
26.500000 
17.400000 
24.800000 
17.700000 
22.800000 
31.300000 
23.700000 
18.300000 
28.200000 
25.900000 
27.600000 
18.900000 
22.300000 
16.400000 
28.800000 
22.300000 
20.000000 
21.400000 
27.700000 
20.000000 
19.200000 
25.000000 
18.200000 
19.600000 
18.700000 
20.700000 
23.100000 
21.700000 
22.300000 
19.800000 
22.700000 
24.400000 
24.300000 
19.700000 
27.300000 
19.000000 
28.000000 
31.600000 
