14.600000 
8.600000 
17.200000 
14.800000 
13.500000 
22.100000 
17.300000 
12.500000 
15.600000 
21.500000 
18.900000 
15.100000 
12.800000 
19.300000 
17.800000 
19.900000 
17.000000 
21.900000 
20.100000 
19.400000 
12.600000 
17.500000 
14.100000 
21.800000 
17.200000 
20.300000 
15.100000 
16.400000 
16.400000 
16.200000 
17.100000 
17.900000 
20.100000 
16.400000 
19.900000 
17.200000 
14.500000 
14.600000 
24.200000 
18.000000 
16.500000 
18.100000 
14.100000 
18.200000 
21.500000 
21.200000 
22.300000 
14.600000 
20.500000 
18.900000 
13.400000 
15.900000 
20.800000 
19.700000 
17.800000 
15.500000 
14.400000 
18.200000 
13.000000 
19.900000 
16.200000 
16.700000 
19.100000 
18.800000 
19.500000 
11.700000 
18.900000 
23.200000 
16.800000 
17.900000 
14.300000 
13.700000 
16.900000 
13.200000 
13.900000 
17.000000 
19.300000 
19.600000 
22.700000 
19.000000 
16.900000 
19.200000 
13.400000 
14.400000 
12.600000 
13.900000 
20.900000 
25.200000 
19.700000 
24.500000 
19.800000 
21.600000 
22.400000 
16.400000 
15.100000 
12.400000 
20.400000 
11.700000 
18.900000 
17.500000 
