21.400000 
19.600000 
21.200000 
21.100000 
26.100000 
28.000000 
18.900000 
27.000000 
23.700000 
23.500000 
27.400000 
21.000000 
27.600000 
18.700000 
18.800000 
18.700000 
21.100000 
19.600000 
27.200000 
19.900000 
28.100000 
23.500000 
19.000000 
17.500000 
26.900000 
20.500000 
27.900000 
16.500000 
24.200000 
19.600000 
22.400000 
21.600000 
18.100000 
24.600000 
16.000000 
19.200000 
19.700000 
22.400000 
18.100000 
17.600000 
27.500000 
18.900000 
21.300000 
21.500000 
19.700000 
21.500000 
17.800000 
23.500000 
24.100000 
23.400000 
17.600000 
20.900000 
23.800000 
23.700000 
14.300000 
22.500000 
22.000000 
22.300000 
25.800000 
24.700000 
26.300000 
23.200000 
26.300000 
17.100000 
