26.600000 
24.100000 
23.900000 
22.200000 
20.700000 
25.300000 
18.900000 
21.000000 
24.900000 
27.500000 
23.900000 
25.600000 
24.600000 
18.200000 
22.100000 
17.600000 
24.700000 
20.900000 
24.700000 
19.200000 
26.100000 
21.400000 
22.200000 
17.400000 
22.400000 
26.800000 
19.300000 
21.200000 
24.200000 
24.900000 
21.400000 
21.500000 
28.300000 
16.400000 
19.400000 
22.700000 
26.800000 
26.200000 
24.800000 
19.700000 
20.200000 
27.200000 
22.800000 
20.000000 
28.100000 
31.600000 
21.100000 
24.000000 
20.200000 
19.400000 
14.700000 
27.500000 
26.100000 
18.400000 
26.500000 
30.900000 
23.400000 
22.700000 
29.000000 
27.200000 
24.400000 
25.600000 
21.900000 
25.500000 
