14.200000 
16.000000 
13.500000 
15.600000 
21.600000 
17.200000 
18.700000 
17.800000 
15.200000 
15.300000 
20.800000 
18.700000 
16.800000 
18.400000 
14.300000 
16.800000 
12.700000 
17.900000 
18.200000 
18.500000 
14.100000 
18.200000 
21.800000 
16.600000 
11.800000 
17.300000 
19.700000 
22.500000 
13.400000 
17.100000 
20.800000 
16.100000 
17.200000 
22.400000 
18.700000 
16.500000 
20.200000 
15.700000 
20.800000 
11.000000 
18.300000 
22.500000 
18.100000 
18.800000 
17.600000 
19.800000 
19.700000 
17.600000 
21.100000 
12.600000 
23.100000 
14.000000 
16.000000 
19.600000 
19.000000 
19.500000 
18.800000 
16.800000 
18.600000 
15.100000 
16.100000 
17.200000 
17.600000 
17.400000 
16.500000 
20.400000 
17.700000 
16.900000 
17.500000 
16.300000 
17.400000 
16.600000 
20.000000 
17.400000 
13.200000 
17.700000 
21.300000 
20.900000 
18.900000 
14.300000 
18.300000 
20.900000 
19.900000 
19.500000 
14.800000 
21.300000 
15.900000 
22.000000 
19.400000 
16.900000 
17.800000 
17.000000 
11.100000 
19.000000 
13.500000 
22.000000 
18.000000 
19.000000 
15.200000 
20.100000 
