24.800000 
19.100000 
24.500000 
20.900000 
20.900000 
19.000000 
24.900000 
16.100000 
18.600000 
17.800000 
25.400000 
17.400000 
23.500000 
30.000000 
21.600000 
17.300000 
18.900000 
22.800000 
25.700000 
25.600000 
19.600000 
15.400000 
26.700000 
20.700000 
20.500000 
14.100000 
22.500000 
28.900000 
22.000000 
21.300000 
23.300000 
21.000000 
16.300000 
24.900000 
26.000000 
21.400000 
20.900000 
17.500000 
22.200000 
19.400000 
28.800000 
20.700000 
24.400000 
24.300000 
17.600000 
27.200000 
23.900000 
19.400000 
28.200000 
18.300000 
14.500000 
22.000000 
20.500000 
14.800000 
26.700000 
18.500000 
28.000000 
30.800000 
21.300000 
24.800000 
17.600000 
23.500000 
27.400000 
23.000000 
