20.800000 
19.700000 
26.500000 
22.600000 
24.500000 
25.100000 
22.400000 
19.600000 
16.900000 
24.200000 
21.000000 
25.300000 
21.000000 
19.800000 
21.000000 
23.500000 
20.100000 
23.100000 
14.500000 
16.100000 
23.100000 
21.100000 
23.900000 
21.700000 
21.500000 
20.900000 
21.800000 
27.500000 
25.300000 
25.600000 
26.600000 
26.400000 
26.900000 
12.200000 
22.500000 
19.400000 
17.700000 
21.400000 
30.600000 
24.400000 
24.700000 
25.200000 
23.300000 
25.900000 
23.200000 
24.900000 
23.200000 
23.100000 
22.800000 
26.200000 
22.700000 
22.300000 
29.700000 
26.400000 
19.200000 
22.400000 
17.800000 
24.100000 
22.600000 
21.200000 
28.700000 
13.500000 
24.500000 
18.700000 
