19.900000 
21.900000 
17.000000 
19.800000 
17.300000 
13.100000 
18.500000 
14.700000 
16.900000 
22.200000 
16.700000 
18.900000 
17.800000 
10.700000 
16.200000 
15.000000 
14.800000 
11.200000 
21.800000 
18.200000 
14.100000 
19.000000 
23.600000 
22.700000 
20.000000 
13.400000 
22.900000 
22.900000 
22.600000 
20.500000 
13.600000 
13.200000 
20.100000 
20.100000 
18.600000 
18.700000 
10.200000 
19.900000 
13.800000 
12.900000 
14.100000 
22.400000 
19.200000 
20.600000 
17.300000 
19.300000 
22.900000 
19.500000 
21.400000 
15.500000 
16.500000 
20.400000 
15.600000 
15.900000 
17.100000 
15.000000 
17.000000 
20.600000 
11.200000 
15.800000 
14.800000 
20.600000 
16.100000 
14.100000 
24.500000 
18.600000 
17.600000 
15.300000 
16.300000 
17.100000 
16.700000 
19.500000 
17.400000 
20.400000 
16.800000 
17.200000 
16.300000 
15.900000 
20.200000 
18.700000 
13.000000 
16.200000 
19.100000 
16.000000 
20.900000 
18.500000 
21.500000 
21.400000 
17.500000 
18.800000 
21.800000 
15.100000 
18.500000 
17.300000 
15.600000 
11.800000 
15.800000 
22.000000 
19.500000 
16.200000 
