19.700000 
14.400000 
21.400000 
21.700000 
25.300000 
22.300000 
18.800000 
20.000000 
16.300000 
18.500000 
11.300000 
17.600000 
17.700000 
19.300000 
19.800000 
19.000000 
18.500000 
17.400000 
13.200000 
18.000000 
18.500000 
20.600000 
16.900000 
15.500000 
18.700000 
13.200000 
14.600000 
18.100000 
18.100000 
12.600000 
14.600000 
21.300000 
20.800000 
14.800000 
13.000000 
19.800000 
17.700000 
18.600000 
15.400000 
12.800000 
16.800000 
12.200000 
18.400000 
16.200000 
22.300000 
16.300000 
19.900000 
22.000000 
22.700000 
18.700000 
16.000000 
19.900000 
14.900000 
15.500000 
12.600000 
17.500000 
20.600000 
12.500000 
18.000000 
19.900000 
17.100000 
19.200000 
15.600000 
13.300000 
22.300000 
16.100000 
20.500000 
12.500000 
18.900000 
15.400000 
13.600000 
11.700000 
16.000000 
22.100000 
19.500000 
22.600000 
25.700000 
17.800000 
16.000000 
14.500000 
16.500000 
14.700000 
21.700000 
18.600000 
12.000000 
16.300000 
17.500000 
21.300000 
17.000000 
23.300000 
18.100000 
19.800000 
13.400000 
21.900000 
14.000000 
15.600000 
13.000000 
16.300000 
19.500000 
12.600000 
