28.000000 
17.500000 
29.800000 
15.500000 
20.300000 
21.900000 
19.200000 
26.000000 
23.400000 
15.000000 
29.000000 
25.300000 
20.300000 
22.200000 
27.500000 
26.200000 
23.000000 
15.800000 
17.800000 
24.800000 
25.200000 
18.300000 
20.700000 
27.200000 
22.400000 
23.600000 
24.600000 
29.200000 
20.700000 
27.200000 
18.300000 
23.200000 
25.000000 
19.100000 
23.000000 
21.700000 
20.800000 
21.700000 
19.800000 
27.300000 
18.300000 
17.100000 
17.400000 
19.800000 
24.100000 
29.400000 
19.200000 
23.700000 
23.200000 
21.400000 
24.000000 
14.300000 
19.900000 
23.400000 
20.200000 
29.800000 
18.400000 
28.500000 
26.400000 
25.300000 
26.600000 
21.100000 
19.300000 
24.200000 
