25.400000 
17.800000 
17.600000 
21.600000 
27.700000 
17.100000 
23.200000 
16.100000 
29.200000 
22.400000 
21.900000 
17.900000 
22.100000 
23.500000 
15.800000 
26.400000 
28.600000 
26.200000 
21.300000 
25.400000 
25.700000 
28.200000 
21.700000 
18.000000 
13.500000 
21.300000 
23.200000 
23.300000 
26.400000 
21.000000 
16.700000 
14.100000 
20.300000 
18.600000 
28.100000 
20.100000 
24.600000 
20.500000 
26.600000 
22.000000 
12.500000 
29.600000 
15.100000 
22.700000 
28.600000 
22.000000 
24.300000 
23.000000 
20.600000 
22.800000 
21.400000 
23.200000 
27.700000 
19.900000 
20.200000 
29.400000 
22.000000 
23.200000 
22.700000 
23.300000 
18.700000 
15.600000 
19.900000 
28.300000 
