15.600000 
12.700000 
16.500000 
28.600000 
22.700000 
18.000000 
21.800000 
19.300000 
20.300000 
16.200000 
20.900000 
20.000000 
14.200000 
21.400000 
20.900000 
24.100000 
23.600000 
26.200000 
19.200000 
23.000000 
23.100000 
21.500000 
22.300000 
19.800000 
29.300000 
27.200000 
13.100000 
18.200000 
23.000000 
23.800000 
19.900000 
25.000000 
27.000000 
21.600000 
23.300000 
23.300000 
20.400000 
29.200000 
15.600000 
21.200000 
25.500000 
23.300000 
22.300000 
22.800000 
17.000000 
21.700000 
20.400000 
19.500000 
21.900000 
15.100000 
19.900000 
19.500000 
22.300000 
20.000000 
26.100000 
22.200000 
27.500000 
21.900000 
28.000000 
24.700000 
20.900000 
24.300000 
22.200000 
21.000000 
