17.800000 
24.000000 
26.000000 
27.300000 
16.800000 
21.700000 
21.800000 
17.700000 
23.900000 
25.500000 
24.100000 
28.100000 
25.200000 
23.600000 
20.100000 
21.000000 
31.300000 
17.200000 
21.600000 
14.600000 
26.900000 
21.100000 
20.600000 
25.400000 
24.800000 
15.800000 
32.100000 
15.800000 
20.000000 
16.700000 
24.800000 
18.800000 
21.400000 
19.300000 
18.700000 
27.100000 
27.000000 
28.800000 
23.700000 
23.600000 
21.100000 
25.700000 
21.600000 
29.200000 
24.600000 
21.600000 
24.400000 
21.300000 
22.800000 
15.200000 
25.100000 
24.300000 
22.900000 
22.900000 
22.600000 
20.400000 
23.500000 
21.400000 
27.300000 
23.600000 
21.600000 
25.800000 
28.000000 
25.900000 
