18.100000 
19.500000 
15.700000 
18.400000 
24.800000 
29.700000 
25.100000 
23.900000 
21.200000 
19.700000 
24.500000 
27.800000 
21.700000 
18.600000 
26.900000 
26.500000 
17.300000 
25.200000 
28.800000 
23.900000 
16.600000 
23.500000 
21.700000 
17.600000 
19.300000 
18.300000 
18.800000 
26.900000 
23.300000 
24.200000 
24.400000 
22.600000 
27.600000 
14.100000 
25.900000 
19.200000 
23.800000 
21.500000 
21.700000 
28.300000 
24.100000 
21.900000 
22.900000 
20.000000 
18.500000 
15.400000 
23.600000 
17.900000 
20.300000 
19.800000 
21.300000 
24.200000 
21.100000 
24.000000 
22.800000 
17.400000 
20.800000 
19.100000 
28.000000 
27.400000 
17.000000 
32.000000 
23.900000 
15.100000 
