24.800000 
22.700000 
16.700000 
19.800000 
17.000000 
22.600000 
25.300000 
20.500000 
22.900000 
24.700000 
20.700000 
19.500000 
15.600000 
21.500000 
20.100000 
20.300000 
21.600000 
24.400000 
19.800000 
20.900000 
19.200000 
24.700000 
15.700000 
21.300000 
24.900000 
19.100000 
21.000000 
22.600000 
19.600000 
20.000000 
24.500000 
22.100000 
17.700000 
14.600000 
26.900000 
26.300000 
22.700000 
25.300000 
23.500000 
21.700000 
21.500000 
24.800000 
29.200000 
26.600000 
23.600000 
24.000000 
25.700000 
23.700000 
22.900000 
21.300000 
12.900000 
21.800000 
23.000000 
20.000000 
11.500000 
24.700000 
23.100000 
24.400000 
29.700000 
21.000000 
16.600000 
19.300000 
29.300000 
21.400000 
