21.600000 
18.700000 
24.900000 
25.900000 
19.200000 
25.300000 
30.800000 
19.500000 
18.400000 
23.600000 
19.000000 
20.700000 
24.100000 
18.400000 
20.000000 
23.700000 
30.700000 
24.400000 
24.400000 
27.300000 
26.000000 
21.900000 
22.300000 
24.900000 
19.000000 
21.500000 
21.100000 
20.300000 
25.200000 
22.400000 
18.400000 
25.700000 
17.200000 
18.600000 
21.300000 
24.800000 
20.700000 
18.300000 
19.200000 
20.500000 
27.400000 
21.300000 
21.800000 
17.100000 
23.700000 
26.000000 
20.300000 
26.500000 
25.300000 
23.000000 
26.200000 
27.600000 
20.300000 
23.700000 
27.400000 
24.400000 
23.600000 
26.200000 
17.700000 
19.600000 
15.500000 
19.600000 
22.100000 
27.800000 
