18.400000 
26.700000 
26.000000 
30.300000 
25.000000 
25.000000 
18.000000 
22.100000 
23.500000 
21.600000 
22.400000 
18.000000 
21.400000 
20.600000 
19.500000 
19.200000 
23.200000 
22.300000 
30.000000 
22.600000 
28.200000 
17.700000 
21.900000 
20.400000 
27.900000 
25.400000 
18.000000 
18.500000 
24.800000 
26.200000 
20.300000 
23.400000 
19.600000 
22.300000 
21.600000 
28.100000 
22.600000 
32.000000 
23.600000 
20.000000 
21.900000 
23.200000 
22.500000 
25.000000 
21.100000 
25.700000 
17.500000 
19.400000 
24.500000 
24.900000 
27.500000 
24.800000 
27.000000 
23.700000 
18.100000 
23.400000 
26.700000 
21.200000 
20.000000 
26.600000 
16.100000 
25.300000 
17.300000 
19.700000 
