21.900000 
16.900000 
26.300000 
15.100000 
14.600000 
18.200000 
20.700000 
18.700000 
16.500000 
18.000000 
13.700000 
12.700000 
14.400000 
20.900000 
19.600000 
16.600000 
15.500000 
20.200000 
20.800000 
22.100000 
17.300000 
12.700000 
22.600000 
23.100000 
24.000000 
19.600000 
9.300000 
12.000000 
18.800000 
16.600000 
17.900000 
18.400000 
20.900000 
16.200000 
13.700000 
23.000000 
21.900000 
17.600000 
21.100000 
22.400000 
17.800000 
19.700000 
14.300000 
17.400000 
17.000000 
14.600000 
17.400000 
19.900000 
22.800000 
16.000000 
18.000000 
13.700000 
20.100000 
17.300000 
18.400000 
23.400000 
23.900000 
22.200000 
16.800000 
19.200000 
15.500000 
16.800000 
18.000000 
19.100000 
26.600000 
15.400000 
21.100000 
19.500000 
21.900000 
14.800000 
15.800000 
21.200000 
15.400000 
13.200000 
19.500000 
18.000000 
14.800000 
19.400000 
17.800000 
15.400000 
19.400000 
20.100000 
17.500000 
18.100000 
19.200000 
24.000000 
14.000000 
18.800000 
24.600000 
20.000000 
16.500000 
20.600000 
22.100000 
20.700000 
19.500000 
22.400000 
16.400000 
23.800000 
15.800000 
25.900000 
