18.000000 
23.600000 
21.200000 
16.900000 
14.000000 
18.500000 
19.000000 
16.400000 
17.800000 
18.900000 
16.600000 
20.000000 
18.900000 
19.400000 
20.400000 
19.700000 
17.300000 
19.500000 
19.300000 
15.700000 
19.500000 
18.800000 
17.900000 
13.500000 
13.600000 
20.100000 
19.800000 
14.900000 
17.600000 
12.600000 
24.400000 
20.400000 
15.300000 
17.100000 
18.300000 
16.700000 
16.400000 
16.400000 
21.500000 
15.300000 
20.800000 
15.200000 
17.800000 
19.200000 
17.100000 
16.000000 
11.400000 
24.800000 
20.900000 
26.500000 
21.100000 
20.300000 
19.500000 
18.800000 
17.300000 
10.900000 
17.000000 
14.600000 
16.100000 
17.500000 
17.000000 
19.400000 
23.200000 
16.300000 
16.100000 
21.700000 
19.800000 
18.300000 
14.400000 
20.300000 
21.600000 
19.100000 
19.100000 
18.900000 
12.200000 
16.600000 
12.000000 
19.300000 
18.700000 
15.600000 
16.800000 
19.700000 
20.100000 
16.900000 
21.100000 
17.400000 
22.000000 
17.100000 
18.500000 
16.700000 
18.400000 
16.000000 
15.700000 
20.400000 
12.200000 
14.500000 
18.300000 
16.600000 
20.200000 
16.900000 
