16.500000 
16.600000 
18.300000 
21.500000 
18.900000 
15.100000 
18.400000 
11.700000 
18.500000 
17.200000 
15.700000 
19.200000 
15.700000 
20.500000 
13.200000 
19.500000 
18.000000 
19.000000 
17.700000 
16.000000 
20.200000 
13.800000 
14.300000 
21.800000 
17.400000 
19.100000 
12.000000 
23.000000 
21.900000 
12.800000 
15.400000 
18.800000 
18.400000 
19.500000 
18.000000 
17.000000 
15.200000 
17.100000 
19.500000 
15.100000 
20.000000 
13.800000 
17.000000 
20.100000 
20.300000 
14.200000 
19.200000 
18.700000 
13.700000 
14.500000 
15.600000 
14.600000 
19.800000 
22.800000 
16.200000 
17.300000 
19.700000 
12.900000 
20.400000 
16.500000 
21.800000 
14.500000 
19.100000 
20.500000 
17.800000 
12.000000 
15.200000 
17.800000 
17.700000 
20.600000 
20.400000 
15.900000 
22.400000 
19.000000 
15.700000 
21.700000 
16.500000 
23.300000 
17.000000 
20.500000 
18.400000 
18.100000 
9.400000 
15.400000 
15.300000 
22.000000 
14.800000 
22.200000 
15.500000 
15.400000 
14.600000 
16.700000 
19.700000 
14.400000 
20.600000 
12.300000 
20.000000 
17.000000 
20.400000 
20.800000 
