20.600000 
25.100000 
22.200000 
23.100000 
23.200000 
22.700000 
17.400000 
22.400000 
18.400000 
19.200000 
27.300000 
23.400000 
30.300000 
25.500000 
22.000000 
23.900000 
29.600000 
26.600000 
17.900000 
17.300000 
19.200000 
19.900000 
24.000000 
21.600000 
19.900000 
14.300000 
27.700000 
20.000000 
21.900000 
23.600000 
19.300000 
25.700000 
26.400000 
23.900000 
16.600000 
30.300000 
20.900000 
22.100000 
20.200000 
15.200000 
23.100000 
24.500000 
25.400000 
21.300000 
22.200000 
24.100000 
18.200000 
19.400000 
25.400000 
27.100000 
22.600000 
22.100000 
27.100000 
22.100000 
16.700000 
20.600000 
26.900000 
21.300000 
24.200000 
27.900000 
30.000000 
26.000000 
15.300000 
21.100000 
