25.700000 
21.000000 
15.400000 
20.200000 
22.900000 
28.400000 
19.600000 
25.500000 
26.900000 
21.500000 
24.400000 
22.800000 
15.800000 
23.200000 
17.400000 
24.200000 
27.500000 
21.500000 
21.300000 
18.300000 
27.900000 
27.900000 
25.600000 
23.100000 
25.500000 
18.800000 
25.300000 
18.400000 
22.300000 
25.200000 
25.800000 
16.100000 
25.700000 
27.700000 
24.000000 
26.000000 
19.500000 
19.800000 
26.000000 
24.400000 
22.700000 
22.600000 
26.600000 
24.600000 
22.300000 
15.500000 
21.500000 
25.700000 
25.400000 
21.200000 
23.300000 
21.900000 
18.900000 
22.100000 
24.200000 
25.400000 
22.700000 
18.900000 
35.000000 
23.500000 
24.600000 
22.100000 
22.100000 
21.800000 
