19.100000 
19.300000 
18.200000 
19.500000 
15.400000 
16.900000 
14.400000 
17.300000 
18.800000 
13.000000 
10.500000 
14.200000 
20.700000 
25.000000 
20.100000 
23.200000 
14.800000 
18.200000 
20.700000 
19.200000 
16.300000 
17.200000 
16.200000 
17.900000 
11.900000 
15.800000 
24.400000 
21.900000 
20.200000 
20.700000 
16.700000 
18.300000 
16.000000 
17.800000 
13.900000 
19.600000 
15.300000 
17.200000 
21.800000 
16.600000 
22.100000 
21.100000 
20.500000 
19.300000 
21.400000 
16.600000 
13.300000 
20.500000 
23.800000 
16.800000 
16.700000 
15.800000 
15.400000 
18.500000 
18.600000 
20.900000 
15.700000 
20.600000 
18.300000 
19.500000 
9.500000 
12.300000 
22.900000 
18.400000 
21.300000 
14.700000 
18.700000 
19.200000 
18.400000 
16.800000 
18.300000 
14.000000 
18.400000 
19.600000 
17.700000 
16.100000 
21.700000 
17.700000 
20.200000 
19.200000 
13.400000 
17.400000 
17.400000 
25.200000 
20.800000 
16.700000 
19.700000 
18.000000 
25.500000 
20.800000 
16.700000 
16.000000 
20.700000 
8.800000 
16.200000 
14.500000 
14.100000 
9.800000 
20.900000 
16.400000 
