18.600000 
18.100000 
21.100000 
19.200000 
22.100000 
14.200000 
13.000000 
20.100000 
23.900000 
18.100000 
13.000000 
16.800000 
19.500000 
17.300000 
18.800000 
17.200000 
18.600000 
17.400000 
22.900000 
14.900000 
20.300000 
19.000000 
17.800000 
15.700000 
20.100000 
13.800000 
11.600000 
18.700000 
17.600000 
20.300000 
15.100000 
15.500000 
17.500000 
16.300000 
18.300000 
17.300000 
14.600000 
15.700000 
16.100000 
13.300000 
17.200000 
19.300000 
18.900000 
15.200000 
16.800000 
17.100000 
19.700000 
16.300000 
18.000000 
18.700000 
13.600000 
21.800000 
15.400000 
25.600000 
19.800000 
14.900000 
17.300000 
17.700000 
15.600000 
18.900000 
17.400000 
15.000000 
19.500000 
19.100000 
16.700000 
15.400000 
23.300000 
28.500000 
17.200000 
19.300000 
17.400000 
21.800000 
18.400000 
21.000000 
23.200000 
18.300000 
15.300000 
19.600000 
15.800000 
15.000000 
18.500000 
16.400000 
14.800000 
11.800000 
13.600000 
18.700000 
14.800000 
21.500000 
23.000000 
19.500000 
16.800000 
17.000000 
17.700000 
15.900000 
21.400000 
13.800000 
20.300000 
17.000000 
18.400000 
19.700000 
