19.900000 
18.700000 
19.400000 
16.300000 
18.100000 
19.000000 
11.700000 
17.900000 
18.600000 
12.900000 
19.400000 
12.400000 
22.700000 
18.300000 
15.100000 
20.000000 
15.500000 
16.800000 
18.700000 
19.300000 
20.900000 
18.200000 
19.500000 
21.400000 
15.300000 
16.300000 
14.100000 
15.600000 
20.200000 
14.400000 
21.800000 
17.700000 
20.600000 
17.200000 
17.300000 
15.200000 
18.200000 
22.000000 
16.500000 
15.400000 
21.100000 
19.500000 
16.000000 
16.100000 
18.200000 
20.200000 
18.900000 
18.600000 
18.700000 
16.200000 
15.000000 
15.800000 
15.700000 
12.400000 
15.100000 
14.900000 
20.200000 
13.200000 
11.800000 
22.800000 
19.700000 
16.400000 
19.900000 
23.300000 
15.600000 
19.600000 
15.200000 
15.000000 
19.100000 
19.100000 
14.600000 
18.500000 
15.500000 
19.300000 
19.000000 
15.400000 
18.500000 
13.900000 
17.100000 
15.800000 
18.900000 
20.700000 
17.400000 
15.200000 
17.300000 
20.600000 
15.800000 
15.800000 
17.000000 
16.800000 
24.400000 
20.200000 
16.100000 
18.700000 
14.500000 
13.400000 
17.100000 
19.600000 
16.800000 
17.400000 
