15.800000 
14.000000 
17.100000 
16.500000 
14.900000 
12.500000 
11.800000 
13.100000 
15.100000 
18.500000 
15.900000 
18.600000 
14.400000 
13.600000 
15.300000 
16.700000 
15.700000 
12.100000 
12.600000 
19.500000 
13.700000 
20.000000 
17.600000 
16.600000 
17.600000 
15.800000 
12.300000 
17.000000 
13.200000 
13.800000 
19.100000 
16.500000 
14.500000 
15.700000 
18.800000 
14.900000 
15.400000 
16.800000 
14.900000 
14.200000 
13.900000 
14.100000 
12.000000 
10.400000 
15.200000 
11.100000 
11.700000 
13.800000 
16.900000 
19.200000 
14.600000 
14.300000 
16.400000 
16.900000 
19.800000 
13.000000 
16.800000 
13.800000 
15.600000 
14.500000 
11.700000 
12.300000 
12.600000 
17.400000 
16.500000 
20.300000 
14.000000 
15.500000 
12.200000 
17.500000 
15.300000 
16.500000 
17.800000 
12.600000 
18.500000 
13.300000 
13.300000 
12.200000 
13.000000 
14.200000 
17.600000 
13.700000 
17.000000 
11.100000 
17.000000 
15.900000 
13.700000 
14.700000 
15.300000 
15.600000 
10.800000 
14.500000 
17.900000 
18.100000 
12.000000 
18.800000 
17.000000 
19.700000 
16.900000 
8.700000 
17.100000 
14.400000 
15.600000 
13.800000 
18.500000 
12.400000 
14.200000 
17.900000 
15.800000 
15.700000 
14.400000 
15.400000 
17.100000 
17.800000 
18.400000 
15.100000 
13.200000 
13.400000 
19.200000 
16.200000 
10.500000 
14.300000 
17.100000 
10.700000 
14.000000 
18.400000 
19.300000 
15.300000 
12.100000 
18.700000 
11.000000 
17.400000 
16.500000 
17.800000 
18.200000 
18.500000 
15.100000 
12.500000 
17.100000 
13.700000 
16.100000 
13.800000 
16.300000 
16.100000 
