23.000000 
20.800000 
23.400000 
13.000000 
18.700000 
18.500000 
19.000000 
17.700000 
15.800000 
16.500000 
19.400000 
24.200000 
18.600000 
18.300000 
20.200000 
16.500000 
20.500000 
18.100000 
17.200000 
20.100000 
19.900000 
15.800000 
21.100000 
19.000000 
18.900000 
23.200000 
19.800000 
16.000000 
22.400000 
18.300000 
17.400000 
17.400000 
16.400000 
26.200000 
13.600000 
17.200000 
17.400000 
19.200000 
16.200000 
19.800000 
14.600000 
15.600000 
19.200000 
18.600000 
18.500000 
15.200000 
15.400000 
18.000000 
18.300000 
16.600000 
15.500000 
20.700000 
21.400000 
14.300000 
15.500000 
17.700000 
20.900000 
16.300000 
19.900000 
22.000000 
19.600000 
16.700000 
22.000000 
17.200000 
21.900000 
21.000000 
16.700000 
13.100000 
15.200000 
18.000000 
19.500000 
14.900000 
17.100000 
15.600000 
17.100000 
18.300000 
14.700000 
13.900000 
19.800000 
19.500000 
21.200000 
13.400000 
21.800000 
21.700000 
16.800000 
16.600000 
24.600000 
15.600000 
19.400000 
19.300000 
17.600000 
15.400000 
17.800000 
13.600000 
20.500000 
13.300000 
15.400000 
19.200000 
23.300000 
16.900000 
