20.000000 
29.600000 
19.600000 
24.500000 
23.800000 
25.900000 
28.000000 
25.600000 
22.800000 
23.600000 
23.700000 
21.600000 
27.900000 
23.700000 
20.100000 
25.900000 
18.700000 
24.200000 
21.500000 
25.200000 
26.400000 
24.200000 
22.500000 
18.900000 
23.100000 
24.000000 
27.000000 
27.100000 
22.400000 
28.100000 
19.800000 
26.300000 
17.600000 
25.200000 
26.900000 
25.000000 
26.400000 
19.900000 
27.600000 
12.800000 
26.500000 
21.000000 
30.400000 
19.900000 
15.200000 
25.900000 
25.100000 
22.400000 
21.000000 
21.100000 
23.900000 
19.800000 
23.100000 
16.500000 
25.400000 
16.400000 
27.400000 
17.400000 
19.400000 
23.400000 
23.700000 
29.700000 
21.000000 
27.500000 
