10.300000 
8.000000 
7.600000 
10.000000 
10.400000 
10.300000 
9.700000 
8.700000 
11.000000 
7.200000 
6.300000 
6.600000 
6.400000 
7.000000 
7.300000 
8.900000 
10.800000 
5.300000 
11.800000 
8.400000 
9.200000 
11.300000 
10.300000 
7.600000 
10.900000 
8.000000 
11.100000 
10.900000 
9.300000 
9.700000 
9.200000 
8.300000 
8.200000 
9.000000 
9.200000 
10.200000 
8.900000 
8.200000 
9.000000 
7.100000 
10.000000 
8.500000 
9.100000 
9.200000 
7.800000 
10.800000 
7.900000 
10.300000 
9.700000 
9.700000 
8.400000 
9.200000 
12.000000 
8.900000 
8.700000 
10.000000 
8.900000 
6.800000 
9.100000 
10.700000 
8.300000 
12.700000 
10.000000 
6.100000 
9.200000 
9.800000 
9.900000 
11.700000 
9.800000 
7.000000 
8.000000 
8.600000 
9.600000 
10.200000 
10.300000 
7.200000 
8.100000 
9.100000 
8.600000 
10.500000 
8.900000 
6.500000 
8.400000 
9.000000 
9.000000 
8.900000 
8.400000 
8.800000 
8.600000 
7.900000 
8.000000 
8.300000 
12.600000 
10.400000 
7.000000 
9.900000 
4.400000 
8.100000 
7.100000 
9.600000 
10.100000 
9.800000 
7.000000 
10.200000 
9.200000 
5.900000 
9.700000 
10.200000 
7.000000 
9.300000 
8.600000 
8.500000 
10.100000 
10.700000 
10.400000 
7.400000 
8.100000 
11.000000 
10.300000 
10.600000 
10.400000 
10.500000 
7.400000 
9.900000 
6.700000 
8.000000 
8.700000 
8.900000 
9.400000 
8.000000 
6.700000 
8.400000 
9.300000 
9.400000 
7.600000 
9.100000 
7.000000 
10.500000 
9.400000 
12.100000 
7.900000 
10.800000 
7.500000 
10.100000 
5.800000 
9.300000 
11.600000 
7.700000 
10.400000 
10.300000 
12.700000 
8.100000 
9.400000 
10.600000 
10.900000 
10.800000 
8.700000 
5.800000 
9.400000 
10.400000 
7.900000 
7.800000 
12.000000 
9.600000 
6.100000 
8.300000 
8.000000 
8.300000 
11.000000 
8.600000 
10.100000 
9.400000 
7.600000 
8.800000 
11.300000 
7.700000 
7.800000 
10.300000 
10.300000 
8.100000 
8.300000 
7.200000 
10.600000 
5.800000 
8.200000 
9.700000 
7.600000 
6.800000 
7.900000 
9.100000 
7.200000 
9.500000 
9.200000 
8.300000 
10.700000 
11.300000 
10.800000 
7.400000 
10.300000 
11.700000 
6.700000 
7.600000 
8.000000 
9.300000 
7.500000 
10.800000 
7.300000 
9.000000 
10.300000 
7.100000 
9.100000 
4.700000 
8.800000 
7.200000 
12.100000 
9.000000 
9.300000 
9.100000 
9.100000 
9.500000 
7.700000 
8.800000 
9.800000 
9.500000 
11.700000 
7.800000 
8.800000 
10.600000 
8.900000 
9.300000 
8.500000 
9.200000 
9.200000 
7.700000 
10.100000 
10.200000 
9.600000 
9.400000 
9.500000 
9.000000 
9.000000 
9.900000 
11.100000 
11.100000 
10.000000 
9.800000 
6.900000 
9.200000 
9.800000 
9.400000 
6.400000 
10.600000 
7.200000 
11.000000 
8.100000 
9.200000 
9.200000 
6.100000 
9.600000 
10.700000 
10.100000 
9.900000 
8.400000 
9.800000 
8.200000 
7.100000 
8.400000 
10.800000 
8.200000 
8.800000 
9.800000 
6.500000 
9.900000 
10.500000 
8.900000 
9.900000 
7.600000 
10.800000 
7.700000 
8.700000 
6.300000 
9.600000 
10.400000 
8.200000 
9.400000 
10.400000 
8.800000 
10.300000 
8.000000 
11.300000 
6.500000 
7.200000 
7.100000 
8.400000 
10.600000 
5.900000 
8.700000 
9.600000 
9.900000 
10.200000 
9.900000 
11.000000 
8.500000 
9.700000 
8.400000 
10.900000 
7.600000 
9.400000 
9.600000 
8.900000 
6.600000 
9.300000 
8.600000 
10.100000 
9.500000 
10.300000 
8.400000 
10.600000 
9.700000 
10.600000 
6.600000 
9.500000 
13.300000 
6.300000 
11.200000 
9.800000 
10.600000 
8.400000 
8.000000 
7.900000 
8.300000 
8.400000 
9.500000 
9.900000 
11.100000 
11.800000 
10.100000 
7.700000 
8.800000 
9.000000 
8.500000 
6.800000 
8.200000 
9.800000 
10.100000 
8.600000 
7.500000 
9.000000 
9.900000 
10.700000 
9.800000 
10.100000 
10.000000 
10.300000 
7.200000 
8.100000 
11.900000 
7.400000 
9.300000 
11.000000 
9.400000 
9.000000 
6.400000 
6.100000 
8.300000 
9.900000 
8.300000 
9.700000 
11.100000 
9.500000 
9.200000 
7.700000 
9.900000 
8.300000 
7.700000 
6.400000 
8.500000 
6.800000 
8.400000 
8.700000 
10.800000 
8.100000 
11.200000 
8.700000 
8.700000 
8.400000 
7.300000 
10.000000 
8.300000 
9.400000 
7.500000 
7.600000 
8.800000 
7.500000 
9.200000 
8.400000 
7.100000 
10.900000 
11.400000 
7.700000 
