19.100000 
19.600000 
16.100000 
19.600000 
13.600000 
16.100000 
21.200000 
22.800000 
20.100000 
11.800000 
15.700000 
20.400000 
20.300000 
17.600000 
22.700000 
19.900000 
14.100000 
16.800000 
16.100000 
20.100000 
19.800000 
16.800000 
18.700000 
19.600000 
15.900000 
23.600000 
14.100000 
22.100000 
21.200000 
16.000000 
16.600000 
19.500000 
15.600000 
20.700000 
16.600000 
11.000000 
18.500000 
20.100000 
14.300000 
17.600000 
20.000000 
16.300000 
11.900000 
20.600000 
15.400000 
15.400000 
21.600000 
10.800000 
17.000000 
20.700000 
22.800000 
19.300000 
19.400000 
16.200000 
21.300000 
16.900000 
17.700000 
15.400000 
23.600000 
13.500000 
22.500000 
21.400000 
19.600000 
16.800000 
19.000000 
18.000000 
17.700000 
20.800000 
16.200000 
19.900000 
20.000000 
15.000000 
12.500000 
20.700000 
12.900000 
19.600000 
22.800000 
23.900000 
17.000000 
15.900000 
12.000000 
15.700000 
17.700000 
19.300000 
19.200000 
14.000000 
19.600000 
11.200000 
19.600000 
16.200000 
17.300000 
16.300000 
16.500000 
19.100000 
18.700000 
14.200000 
17.300000 
22.400000 
15.000000 
22.400000 
