15.000000 
19.700000 
15.700000 
23.200000 
14.700000 
19.600000 
22.100000 
20.600000 
19.100000 
16.000000 
16.400000 
19.900000 
20.500000 
20.500000 
14.700000 
14.800000 
15.300000 
16.700000 
13.800000 
15.000000 
9.400000 
16.300000 
19.300000 
14.500000 
16.400000 
15.900000 
15.500000 
17.400000 
15.500000 
17.500000 
17.400000 
14.800000 
16.200000 
18.000000 
16.700000 
19.400000 
16.900000 
20.900000 
21.700000 
20.400000 
14.400000 
11.400000 
19.800000 
22.800000 
14.900000 
18.400000 
18.000000 
22.400000 
22.200000 
16.500000 
14.400000 
19.000000 
18.600000 
21.100000 
18.600000 
17.700000 
15.100000 
13.200000 
16.900000 
18.900000 
15.100000 
12.400000 
20.000000 
18.400000 
17.800000 
14.900000 
25.500000 
21.300000 
17.700000 
21.700000 
18.900000 
24.600000 
20.400000 
14.500000 
21.100000 
25.400000 
21.500000 
14.900000 
18.300000 
21.200000 
20.500000 
15.700000 
17.900000 
19.700000 
23.400000 
14.700000 
21.200000 
21.200000 
21.200000 
24.100000 
13.300000 
19.800000 
18.600000 
19.700000 
17.900000 
19.200000 
15.600000 
17.700000 
15.800000 
17.700000 
