22.400000 
19.400000 
20.900000 
24.900000 
25.200000 
13.500000 
23.100000 
26.100000 
29.300000 
24.600000 
21.600000 
22.800000 
19.700000 
23.900000 
20.500000 
26.200000 
25.300000 
22.000000 
26.200000 
19.100000 
26.700000 
28.200000 
19.500000 
26.300000 
13.900000 
19.300000 
24.700000 
21.600000 
25.300000 
19.800000 
21.200000 
24.900000 
26.300000 
23.000000 
22.300000 
18.300000 
20.900000 
28.600000 
25.100000 
24.900000 
23.900000 
24.500000 
26.300000 
21.200000 
26.000000 
17.900000 
22.800000 
24.400000 
16.200000 
20.300000 
23.400000 
19.000000 
22.500000 
17.600000 
27.900000 
20.900000 
19.400000 
31.300000 
23.300000 
20.900000 
27.900000 
25.900000 
19.400000 
22.100000 
