18.500000 
19.300000 
17.000000 
23.700000 
24.500000 
21.500000 
23.000000 
23.700000 
17.000000 
18.300000 
18.500000 
22.100000 
21.100000 
15.200000 
19.000000 
24.100000 
18.500000 
21.900000 
19.900000 
23.000000 
25.400000 
27.700000 
18.100000 
31.200000 
13.900000 
28.500000 
24.400000 
20.800000 
23.700000 
21.100000 
16.500000 
21.600000 
24.800000 
21.200000 
19.100000 
23.000000 
23.200000 
27.700000 
23.100000 
27.100000 
23.100000 
19.700000 
14.400000 
17.900000 
18.800000 
17.800000 
26.600000 
26.300000 
22.900000 
23.900000 
18.300000 
25.100000 
28.300000 
24.100000 
23.100000 
25.200000 
25.200000 
22.300000 
27.200000 
28.700000 
28.500000 
13.700000 
22.600000 
21.200000 
