18.100000 
20.200000 
17.100000 
15.200000 
12.700000 
16.600000 
15.400000 
10.800000 
13.600000 
16.800000 
15.100000 
11.700000 
19.000000 
17.300000 
14.200000 
14.800000 
15.100000 
15.200000 
14.800000 
14.500000 
12.800000 
8.500000 
17.900000 
14.500000 
15.800000 
16.600000 
12.700000 
16.300000 
16.000000 
13.300000 
17.800000 
16.900000 
16.600000 
15.400000 
17.300000 
17.800000 
11.500000 
12.300000 
13.000000 
13.000000 
14.000000 
15.300000 
14.800000 
14.800000 
14.200000 
13.000000 
16.500000 
12.200000 
15.600000 
14.200000 
11.800000 
14.100000 
15.000000 
16.900000 
17.200000 
16.500000 
15.300000 
14.600000 
15.500000 
9.400000 
18.500000 
11.200000 
17.400000 
12.200000 
15.800000 
18.900000 
19.300000 
15.400000 
14.000000 
16.900000 
14.500000 
17.300000 
20.600000 
13.800000 
17.900000 
15.800000 
13.300000 
14.900000 
10.000000 
17.200000 
14.700000 
19.900000 
16.500000 
19.200000 
10.900000 
16.500000 
11.200000 
12.300000 
13.900000 
15.700000 
14.300000 
18.100000 
16.400000 
11.600000 
12.500000 
12.600000 
14.800000 
15.800000 
15.700000 
14.700000 
11.900000 
16.500000 
15.300000 
17.500000 
14.700000 
12.200000 
17.900000 
14.800000 
12.700000 
14.400000 
6.800000 
17.100000 
18.300000 
12.900000 
13.400000 
14.700000 
15.400000 
20.300000 
12.500000 
15.000000 
16.800000 
13.200000 
14.200000 
15.900000 
16.300000 
11.900000 
15.400000 
13.100000 
13.400000 
18.100000 
10.300000 
12.200000 
13.300000 
11.200000 
13.800000 
16.800000 
14.300000 
15.200000 
13.900000 
18.300000 
15.200000 
16.300000 
16.300000 
11.200000 
