16.000000 
17.400000 
23.400000 
15.500000 
22.700000 
22.500000 
14.700000 
14.900000 
12.200000 
19.200000 
20.000000 
19.300000 
22.600000 
16.700000 
14.700000 
21.300000 
21.400000 
15.200000 
25.200000 
16.500000 
17.300000 
21.300000 
22.000000 
17.600000 
17.700000 
19.900000 
15.600000 
16.700000 
13.800000 
22.100000 
19.300000 
17.900000 
18.800000 
24.000000 
20.400000 
10.200000 
13.300000 
18.600000 
22.000000 
22.500000 
15.300000 
21.300000 
14.100000 
16.000000 
15.800000 
18.800000 
21.500000 
11.500000 
16.200000 
11.400000 
15.300000 
17.400000 
20.400000 
18.100000 
15.600000 
18.800000 
21.500000 
15.100000 
19.400000 
20.600000 
20.400000 
20.400000 
18.800000 
18.400000 
21.900000 
23.300000 
16.400000 
21.000000 
18.600000 
21.600000 
14.100000 
18.400000 
13.100000 
21.700000 
20.800000 
21.300000 
17.300000 
23.600000 
20.900000 
16.700000 
16.700000 
21.900000 
16.000000 
19.600000 
20.800000 
17.100000 
18.500000 
17.000000 
15.800000 
17.200000 
14.600000 
21.100000 
21.200000 
16.400000 
18.400000 
22.300000 
18.000000 
18.800000 
22.000000 
21.800000 
