18.900000 
27.600000 
21.600000 
21.900000 
24.900000 
24.300000 
24.800000 
19.800000 
21.400000 
13.400000 
20.500000 
27.100000 
25.500000 
19.100000 
18.200000 
19.400000 
20.600000 
20.400000 
25.300000 
24.800000 
19.100000 
23.800000 
20.300000 
24.800000 
23.300000 
17.700000 
19.300000 
20.000000 
23.600000 
23.300000 
22.900000 
14.700000 
17.100000 
22.700000 
18.800000 
24.500000 
20.600000 
11.300000 
17.700000 
26.800000 
19.900000 
20.400000 
17.400000 
16.600000 
25.100000 
28.600000 
17.100000 
23.900000 
26.000000 
24.700000 
25.100000 
28.900000 
24.500000 
19.500000 
23.800000 
32.500000 
14.300000 
26.300000 
27.200000 
25.100000 
20.800000 
32.000000 
23.800000 
24.600000 
