21.200000 
21.400000 
24.000000 
20.200000 
16.900000 
19.100000 
23.500000 
19.900000 
23.100000 
28.000000 
23.500000 
26.300000 
24.400000 
23.900000 
25.300000 
27.700000 
20.000000 
25.900000 
18.300000 
22.300000 
20.800000 
26.100000 
15.900000 
16.700000 
20.700000 
17.500000 
21.600000 
26.500000 
23.000000 
17.700000 
28.300000 
20.900000 
15.700000 
24.100000 
14.200000 
22.000000 
22.800000 
20.500000 
25.600000 
25.000000 
23.200000 
22.000000 
23.600000 
23.600000 
22.400000 
21.400000 
17.100000 
17.500000 
22.400000 
16.600000 
24.100000 
22.900000 
24.500000 
24.500000 
10.500000 
22.100000 
27.400000 
20.600000 
20.900000 
25.000000 
18.100000 
16.700000 
22.300000 
20.200000 
