14.600000 
19.900000 
19.400000 
16.500000 
14.900000 
21.200000 
15.100000 
11.800000 
20.300000 
13.000000 
18.500000 
13.500000 
15.500000 
22.600000 
18.200000 
21.700000 
18.100000 
13.400000 
18.300000 
16.700000 
15.000000 
16.700000 
20.100000 
13.500000 
19.500000 
17.400000 
16.500000 
15.600000 
25.300000 
14.700000 
21.600000 
17.900000 
13.700000 
17.500000 
15.700000 
15.800000 
18.000000 
18.800000 
17.800000 
19.100000 
19.300000 
20.900000 
18.200000 
24.100000 
23.300000 
10.400000 
19.000000 
18.800000 
19.800000 
15.700000 
15.500000 
18.800000 
17.400000 
23.200000 
21.400000 
21.200000 
20.000000 
24.800000 
15.900000 
21.000000 
16.900000 
22.000000 
18.900000 
14.000000 
16.900000 
10.400000 
16.200000 
16.300000 
14.100000 
17.100000 
18.000000 
14.000000 
18.200000 
20.800000 
16.200000 
15.700000 
16.400000 
16.100000 
20.100000 
14.800000 
15.400000 
20.400000 
19.300000 
21.400000 
16.200000 
14.000000 
21.600000 
18.300000 
17.600000 
15.100000 
18.200000 
17.100000 
16.700000 
18.400000 
16.700000 
17.000000 
16.200000 
11.800000 
17.200000 
16.800000 
