15.900000 
17.900000 
15.300000 
24.900000 
21.600000 
23.900000 
14.900000 
16.000000 
16.300000 
16.600000 
14.800000 
10.500000 
19.600000 
14.100000 
21.900000 
12.800000 
23.100000 
19.800000 
21.900000 
14.800000 
21.700000 
14.100000 
13.000000 
12.900000 
18.800000 
14.200000 
18.600000 
22.500000 
23.300000 
16.300000 
18.500000 
18.700000 
20.700000 
18.800000 
21.500000 
16.700000 
14.800000 
20.900000 
18.300000 
17.800000 
20.200000 
18.700000 
18.700000 
20.500000 
22.000000 
17.000000 
13.300000 
24.600000 
15.100000 
20.000000 
11.400000 
14.600000 
19.300000 
12.700000 
13.000000 
14.900000 
19.200000 
18.000000 
14.300000 
20.700000 
9.900000 
19.800000 
21.200000 
16.700000 
18.100000 
17.100000 
17.500000 
23.900000 
17.800000 
22.000000 
18.200000 
15.000000 
18.600000 
15.500000 
22.300000 
14.600000 
21.400000 
21.400000 
22.300000 
15.900000 
15.400000 
18.900000 
17.600000 
13.400000 
20.900000 
18.100000 
24.800000 
17.300000 
17.500000 
16.600000 
16.400000 
14.800000 
24.900000 
14.500000 
9.700000 
16.600000 
20.900000 
16.400000 
20.200000 
15.000000 
