24.000000 
20.100000 
23.100000 
20.700000 
25.000000 
21.000000 
20.300000 
17.000000 
24.800000 
20.600000 
19.600000 
21.000000 
21.400000 
26.400000 
16.700000 
25.700000 
12.100000 
26.400000 
22.200000 
26.000000 
28.400000 
24.800000 
19.000000 
25.400000 
18.900000 
17.100000 
12.300000 
24.400000 
21.800000 
22.000000 
16.600000 
24.500000 
29.600000 
22.600000 
25.200000 
19.600000 
20.300000 
22.900000 
28.800000 
24.300000 
21.500000 
23.200000 
23.200000 
21.200000 
25.700000 
19.300000 
23.100000 
21.100000 
29.300000 
21.700000 
29.700000 
23.100000 
17.600000 
26.600000 
20.200000 
23.500000 
24.200000 
26.700000 
17.100000 
24.700000 
23.800000 
18.200000 
23.900000 
15.500000 
