12.300000 
18.200000 
13.100000 
13.200000 
15.500000 
18.300000 
19.600000 
21.800000 
14.800000 
14.900000 
16.700000 
17.700000 
19.000000 
13.400000 
17.300000 
17.100000 
19.300000 
22.100000 
19.000000 
18.400000 
19.600000 
15.600000 
20.600000 
14.600000 
17.000000 
17.700000 
18.900000 
10.900000 
17.200000 
17.700000 
16.100000 
20.000000 
19.700000 
19.100000 
18.000000 
16.900000 
18.500000 
22.100000 
16.300000 
15.800000 
22.400000 
19.500000 
18.500000 
14.400000 
22.100000 
13.600000 
17.200000 
18.000000 
12.500000 
22.600000 
18.800000 
19.600000 
13.300000 
24.800000 
20.500000 
19.100000 
16.100000 
16.600000 
15.500000 
14.500000 
19.700000 
18.200000 
17.500000 
14.900000 
19.200000 
21.500000 
18.800000 
13.200000 
18.200000 
20.400000 
13.600000 
22.600000 
20.000000 
19.000000 
18.200000 
12.600000 
18.000000 
17.200000 
22.700000 
19.000000 
17.600000 
20.100000 
15.500000 
17.400000 
13.900000 
15.100000 
19.700000 
17.800000 
13.400000 
17.800000 
20.200000 
20.500000 
21.700000 
18.800000 
14.900000 
16.500000 
18.000000 
13.200000 
14.100000 
23.400000 
