2.800000 
2.900000 
2.500000 
2.400000 
2.600000 
3.200000 
3.000000 
2.600000 
2.600000 
3.000000 
2.800000 
2.700000 
2.800000 
2.700000 
2.700000 
2.200000 
2.500000 
2.800000 
2.400000 
2.600000 
2.800000 
2.900000 
2.600000 
3.000000 
3.200000 
2.800000 
2.800000 
2.500000 
2.800000 
2.700000 
2.400000 
3.200000 
3.200000 
2.600000 
2.700000 
2.600000 
2.700000 
2.700000 
2.800000 
2.800000 
2.700000 
2.600000 
2.900000 
3.200000 
2.700000 
2.600000 
2.700000 
2.900000 
3.200000 
2.500000 
