15.700000 
17.200000 
14.800000 
13.300000 
15.800000 
14.300000 
14.800000 
16.300000 
11.600000 
13.500000 
15.100000 
15.000000 
14.700000 
15.500000 
15.100000 
16.700000 
14.500000 
12.500000 
14.100000 
14.000000 
14.800000 
16.200000 
15.800000 
12.800000 
16.500000 
12.200000 
15.100000 
15.200000 
15.500000 
16.700000 
15.800000 
14.000000 
14.700000 
14.100000 
17.000000 
15.300000 
14.800000 
15.000000 
15.200000 
14.100000 
16.700000 
15.100000 
14.200000 
14.700000 
15.300000 
14.500000 
14.100000 
17.300000 
14.000000 
18.200000 
19.300000 
15.000000 
15.100000 
16.600000 
14.800000 
14.200000 
15.800000 
14.600000 
16.200000 
15.600000 
13.500000 
14.300000 
11.200000 
16.200000 
