15.700000 
16.000000 
14.600000 
13.500000 
18.000000 
15.100000 
13.000000 
15.700000 
14.500000 
16.100000 
15.800000 
14.100000 
14.500000 
13.300000 
17.500000 
14.700000 
15.600000 
14.100000 
13.700000 
15.200000 
15.200000 
13.800000 
14.000000 
14.100000 
15.700000 
13.700000 
14.100000 
14.300000 
13.800000 
14.200000 
14.800000 
13.100000 
14.600000 
14.800000 
16.000000 
14.800000 
18.500000 
14.000000 
15.500000 
15.200000 
15.000000 
14.000000 
15.200000 
13.300000 
16.800000 
17.000000 
14.200000 
14.700000 
15.100000 
14.800000 
14.000000 
12.800000 
13.600000 
14.600000 
15.200000 
12.600000 
14.000000 
14.300000 
17.800000 
14.800000 
12.200000 
15.000000 
14.600000 
14.100000 
