16.500000 
14.700000 
13.300000 
16.000000 
14.800000 
16.700000 
16.000000 
15.100000 
16.700000 
14.700000 
15.600000 
12.600000 
13.500000 
15.200000 
16.300000 
15.500000 
17.700000 
17.100000 
17.100000 
13.700000 
18.000000 
14.100000 
13.700000 
16.300000 
15.300000 
15.800000 
17.000000 
15.100000 
14.100000 
14.000000 
13.300000 
17.600000 
14.300000 
14.500000 
14.300000 
15.000000 
14.000000 
14.100000 
16.600000 
12.300000 
15.600000 
13.700000 
17.100000 
15.800000 
15.500000 
14.300000 
15.200000 
16.500000 
16.100000 
16.700000 
15.300000 
13.600000 
15.100000 
17.500000 
15.100000 
15.000000 
15.000000 
15.500000 
14.300000 
12.800000 
17.100000 
13.600000 
13.800000 
14.700000 
