13.700000 
15.700000 
13.100000 
16.000000 
15.500000 
14.200000 
15.300000 
15.300000 
14.600000 
16.500000 
14.100000 
12.000000 
15.200000 
16.200000 
12.700000 
14.100000 
15.700000 
16.000000 
13.800000 
12.800000 
16.300000 
13.600000 
12.700000 
13.800000 
16.000000 
17.500000 
15.700000 
16.600000 
14.200000 
14.600000 
15.600000 
15.500000 
15.100000 
14.100000 
16.200000 
16.000000 
14.300000 
14.300000 
15.800000 
13.300000 
15.000000 
13.300000 
13.800000 
14.100000 
15.200000 
17.200000 
16.600000 
13.200000 
13.800000 
14.800000 
15.200000 
15.800000 
15.000000 
15.500000 
14.000000 
14.100000 
16.200000 
14.500000 
14.700000 
14.600000 
13.500000 
12.300000 
14.600000 
12.600000 
