3.700000 
4.300000 
2.900000 
4.100000 
4.400000 
3.100000 
3.200000 
3.500000 
3.300000 
3.200000 
4.600000 
4.900000 
3.600000 
3.800000 
3.100000 
4.300000 
3.700000 
4.600000 
3.400000 
3.600000 
3.200000 
4.200000 
4.900000 
4.500000 
3.500000 
2.600000 
3.200000 
3.600000 
3.700000 
3.300000 
2.700000 
4.500000 
3.200000 
4.200000 
3.200000 
3.300000 
3.400000 
3.500000 
3.800000 
3.200000 
2.800000 
4.200000 
2.500000 
2.700000 
3.600000 
3.300000 
3.200000 
3.600000 
4.400000 
2.900000 
