20.000000 
20.600000 
21.900000 
17.500000 
24.500000 
16.400000 
15.600000 
21.100000 
18.100000 
25.900000 
10.800000 
22.300000 
24.600000 
14.000000 
18.700000 
18.800000 
20.400000 
22.200000 
21.300000 
20.300000 
14.000000 
8.900000 
20.500000 
17.600000 
21.600000 
13.700000 
23.200000 
23.200000 
14.800000 
15.800000 
22.300000 
16.100000 
24.300000 
25.700000 
22.000000 
17.800000 
14.700000 
22.700000 
20.500000 
16.600000 
15.900000 
19.700000 
19.800000 
15.200000 
17.000000 
14.000000 
19.100000 
22.600000 
18.400000 
9.900000 
19.900000 
21.800000 
20.500000 
15.900000 
15.000000 
14.600000 
20.700000 
20.600000 
19.800000 
13.400000 
23.100000 
16.400000 
22.700000 
16.700000 
