15.000000 
17.200000 
15.000000 
18.700000 
16.100000 
18.200000 
19.200000 
17.600000 
17.300000 
16.100000 
7.600000 
16.800000 
14.500000 
17.700000 
16.400000 
10.700000 
17.200000 
14.300000 
13.900000 
11.800000 
7.400000 
15.100000 
14.800000 
15.800000 
16.300000 
11.100000 
18.800000 
11.700000 
13.500000 
14.700000 
12.600000 
19.500000 
14.400000 
20.500000 
9.100000 
12.500000 
17.000000 
16.500000 
13.800000 
15.700000 
14.900000 
18.200000 
15.800000 
11.000000 
16.600000 
15.600000 
16.800000 
14.100000 
10.400000 
19.900000 
17.600000 
14.200000 
13.000000 
14.600000 
13.600000 
13.700000 
20.700000 
16.800000 
10.000000 
18.700000 
13.400000 
14.300000 
20.800000 
14.500000 
18.300000 
13.500000 
13.500000 
12.700000 
17.100000 
10.700000 
18.400000 
15.400000 
12.900000 
16.800000 
17.300000 
15.200000 
13.300000 
12.700000 
13.900000 
14.500000 
17.500000 
14.300000 
15.900000 
18.300000 
18.700000 
15.700000 
16.900000 
11.700000 
10.700000 
13.300000 
18.100000 
12.900000 
18.900000 
14.300000 
9.200000 
21.000000 
20.900000 
14.800000 
15.700000 
23.100000 
