22.800000 
19.100000 
15.500000 
15.000000 
15.400000 
22.200000 
15.000000 
17.600000 
18.600000 
18.600000 
16.100000 
19.600000 
12.700000 
17.700000 
18.100000 
24.000000 
23.300000 
17.400000 
19.300000 
17.200000 
26.400000 
17.600000 
23.600000 
16.200000 
21.000000 
22.200000 
17.000000 
21.200000 
22.900000 
18.100000 
20.200000 
20.000000 
18.600000 
14.000000 
15.700000 
19.400000 
21.400000 
29.200000 
15.700000 
15.600000 
18.000000 
19.900000 
10.600000 
14.500000 
15.000000 
18.500000 
17.800000 
25.400000 
17.700000 
25.400000 
19.100000 
20.300000 
19.200000 
19.200000 
22.200000 
23.800000 
29.200000 
16.800000 
18.500000 
19.100000 
22.000000 
14.600000 
16.400000 
21.900000 
