15.200000 
21.100000 
18.900000 
18.700000 
16.800000 
19.200000 
16.100000 
17.500000 
18.400000 
16.500000 
22.900000 
25.800000 
17.100000 
15.900000 
17.300000 
22.800000 
13.700000 
15.200000 
22.300000 
21.200000 
22.900000 
20.600000 
20.900000 
23.900000 
22.900000 
16.600000 
20.500000 
14.000000 
20.700000 
20.400000 
18.500000 
12.500000 
22.500000 
24.200000 
21.200000 
14.200000 
18.200000 
25.700000 
18.100000 
18.500000 
17.600000 
18.900000 
15.500000 
15.100000 
18.900000 
16.200000 
22.500000 
16.400000 
19.200000 
18.200000 
19.800000 
17.700000 
19.200000 
16.100000 
24.200000 
10.500000 
20.200000 
10.400000 
23.900000 
16.300000 
19.700000 
22.600000 
12.800000 
24.400000 
