13.000000 
18.200000 
18.800000 
15.800000 
17.500000 
12.400000 
13.900000 
11.700000 
10.900000 
17.600000 
19.000000 
17.700000 
12.600000 
17.900000 
10.800000 
15.400000 
17.300000 
17.900000 
13.100000 
21.700000 
18.300000 
12.400000 
11.400000 
17.500000 
16.300000 
17.400000 
11.500000 
13.200000 
18.200000 
13.400000 
12.100000 
13.300000 
12.600000 
16.400000 
17.200000 
17.100000 
13.200000 
13.100000 
13.500000 
12.400000 
13.500000 
15.600000 
15.600000 
18.500000 
14.000000 
7.900000 
15.800000 
13.300000 
13.000000 
12.800000 
14.300000 
15.100000 
16.000000 
12.200000 
12.700000 
11.000000 
20.200000 
13.400000 
12.900000 
16.200000 
14.500000 
18.600000 
14.200000 
16.500000 
14.700000 
12.400000 
9.100000 
17.700000 
10.900000 
14.800000 
10.500000 
13.700000 
16.000000 
13.400000 
14.600000 
15.000000 
17.000000 
11.800000 
16.300000 
13.900000 
9.300000 
14.400000 
18.700000 
11.700000 
13.300000 
15.000000 
14.800000 
13.200000 
16.000000 
14.300000 
16.200000 
14.200000 
15.800000 
13.500000 
14.500000 
14.800000 
11.600000 
15.900000 
10.500000 
16.000000 
