25.600000 
15.900000 
13.000000 
14.000000 
14.100000 
18.700000 
19.300000 
12.000000 
11.100000 
16.100000 
19.300000 
14.100000 
21.000000 
15.400000 
10.900000 
14.400000 
17.000000 
18.900000 
14.900000 
14.600000 
10.600000 
17.100000 
19.100000 
14.700000 
10.800000 
17.200000 
17.100000 
9.400000 
10.700000 
14.300000 
21.300000 
13.100000 
10.900000 
15.500000 
14.100000 
18.500000 
11.400000 
14.400000 
11.400000 
14.100000 
12.700000 
20.800000 
16.100000 
12.300000 
12.400000 
12.200000 
13.200000 
16.400000 
13.100000 
14.100000 
15.700000 
18.100000 
19.300000 
20.800000 
14.500000 
15.700000 
8.900000 
10.500000 
15.300000 
10.300000 
17.200000 
12.100000 
18.500000 
14.300000 
17.000000 
14.200000 
9.100000 
13.600000 
13.500000 
14.000000 
12.500000 
14.200000 
13.900000 
14.000000 
10.600000 
19.200000 
21.600000 
15.600000 
8.900000 
10.100000 
17.200000 
15.000000 
13.400000 
13.400000 
15.700000 
15.400000 
12.900000 
16.300000 
13.500000 
15.300000 
17.000000 
11.200000 
13.200000 
15.600000 
17.900000 
15.300000 
16.500000 
20.600000 
15.400000 
11.500000 
