20.900000 
12.500000 
22.600000 
11.900000 
20.300000 
10.800000 
15.900000 
10.100000 
14.200000 
13.800000 
13.100000 
16.800000 
13.100000 
21.500000 
14.800000 
15.000000 
12.400000 
12.300000 
13.600000 
16.700000 
17.800000 
13.600000 
9.300000 
19.400000 
18.700000 
15.700000 
14.300000 
12.800000 
21.900000 
14.000000 
12.600000 
12.800000 
18.600000 
18.600000 
13.400000 
16.000000 
17.700000 
13.000000 
20.700000 
11.100000 
9.600000 
16.000000 
16.600000 
10.700000 
13.000000 
15.300000 
15.400000 
7.300000 
17.500000 
10.200000 
10.700000 
14.300000 
16.800000 
20.200000 
16.900000 
11.500000 
16.700000 
13.900000 
17.300000 
15.600000 
14.400000 
11.600000 
9.700000 
14.100000 
9.100000 
11.200000 
14.800000 
16.200000 
14.100000 
9.100000 
12.000000 
11.400000 
13.200000 
16.400000 
11.800000 
21.500000 
17.000000 
14.200000 
17.800000 
11.700000 
11.100000 
15.200000 
16.100000 
12.700000 
17.400000 
10.500000 
23.300000 
17.900000 
16.400000 
13.000000 
19.800000 
14.400000 
15.400000 
19.000000 
13.000000 
13.900000 
17.600000 
17.700000 
21.600000 
20.200000 
