18.400000 
12.600000 
15.200000 
20.700000 
19.800000 
20.500000 
15.800000 
15.300000 
21.600000 
22.200000 
13.100000 
14.300000 
23.800000 
19.400000 
17.300000 
22.200000 
24.900000 
19.800000 
15.700000 
18.400000 
19.400000 
19.300000 
19.700000 
15.700000 
18.300000 
24.900000 
17.700000 
13.100000 
20.000000 
16.500000 
20.300000 
19.700000 
15.800000 
13.000000 
25.600000 
21.500000 
15.500000 
16.800000 
21.100000 
13.600000 
17.500000 
19.600000 
18.400000 
16.000000 
21.000000 
15.200000 
15.300000 
17.300000 
18.300000 
15.000000 
20.900000 
24.600000 
15.600000 
18.500000 
20.000000 
20.400000 
19.900000 
27.000000 
25.400000 
17.900000 
15.600000 
21.000000 
16.100000 
21.500000 
