23.900000 
20.100000 
24.900000 
23.300000 
20.900000 
23.500000 
21.000000 
13.400000 
19.800000 
20.600000 
19.500000 
15.600000 
17.100000 
19.000000 
16.900000 
11.900000 
18.900000 
16.100000 
14.300000 
17.000000 
21.700000 
21.100000 
16.300000 
18.700000 
16.500000 
21.000000 
21.400000 
11.400000 
20.100000 
17.300000 
16.800000 
18.700000 
22.300000 
25.800000 
24.500000 
25.200000 
21.800000 
14.500000 
18.100000 
17.100000 
18.300000 
15.000000 
15.000000 
13.700000 
21.200000 
18.100000 
12.800000 
15.000000 
23.400000 
19.700000 
14.300000 
24.100000 
17.400000 
23.500000 
17.600000 
16.200000 
23.500000 
20.100000 
14.800000 
23.700000 
18.600000 
24.500000 
13.800000 
12.800000 
