21.200000 
25.400000 
14.800000 
20.000000 
15.900000 
22.600000 
18.400000 
23.600000 
18.100000 
28.400000 
23.400000 
20.200000 
13.700000 
22.100000 
23.300000 
22.100000 
20.000000 
15.100000 
15.700000 
19.200000 
17.600000 
10.100000 
24.200000 
23.700000 
16.100000 
16.300000 
16.500000 
19.600000 
21.900000 
23.300000 
24.000000 
25.300000 
21.900000 
25.900000 
15.100000 
17.800000 
17.900000 
20.900000 
14.500000 
16.200000 
25.600000 
17.600000 
20.000000 
15.700000 
18.400000 
21.100000 
15.700000 
17.400000 
20.300000 
21.300000 
21.400000 
17.300000 
18.700000 
18.200000 
20.100000 
14.300000 
15.300000 
20.900000 
22.800000 
19.500000 
21.300000 
24.300000 
16.100000 
18.700000 
