12.600000 
17.800000 
18.700000 
16.600000 
22.100000 
12.700000 
12.500000 
18.200000 
17.300000 
8.600000 
17.200000 
13.100000 
14.800000 
14.700000 
12.800000 
9.100000 
18.000000 
17.200000 
15.600000 
16.300000 
13.300000 
12.600000 
13.300000 
10.200000 
13.500000 
20.400000 
16.200000 
18.600000 
20.200000 
18.200000 
8.300000 
16.500000 
15.400000 
13.500000 
16.000000 
13.500000 
12.200000 
20.700000 
16.000000 
9.600000 
18.700000 
12.100000 
18.300000 
14.400000 
15.800000 
18.200000 
16.800000 
15.600000 
10.800000 
16.000000 
14.600000 
9.200000 
18.700000 
15.000000 
15.800000 
21.700000 
14.000000 
13.200000 
17.500000 
14.700000 
15.500000 
13.800000 
11.000000 
12.400000 
16.300000 
12.700000 
16.300000 
9.400000 
18.900000 
16.900000 
17.600000 
6.200000 
19.300000 
13.700000 
10.900000 
8.500000 
20.800000 
15.800000 
13.400000 
17.700000 
14.300000 
12.600000 
15.700000 
15.000000 
21.500000 
14.100000 
12.700000 
16.000000 
18.600000 
15.800000 
18.800000 
16.500000 
15.100000 
17.000000 
20.800000 
14.400000 
10.000000 
16.700000 
13.700000 
11.900000 
