17.400000 
14.000000 
16.600000 
11.000000 
13.400000 
13.600000 
19.000000 
13.700000 
15.200000 
10.400000 
18.300000 
17.500000 
14.000000 
12.500000 
16.200000 
12.100000 
20.400000 
14.400000 
17.400000 
21.100000 
20.000000 
16.300000 
19.100000 
14.300000 
14.900000 
13.000000 
10.900000 
14.200000 
10.500000 
12.000000 
17.000000 
15.700000 
14.500000 
15.200000 
17.700000 
17.100000 
15.300000 
13.900000 
20.700000 
17.100000 
20.700000 
11.500000 
15.200000 
15.400000 
13.400000 
10.600000 
12.000000 
15.800000 
15.400000 
14.500000 
13.700000 
17.100000 
18.000000 
8.800000 
17.200000 
16.400000 
10.100000 
19.900000 
11.400000 
12.400000 
13.700000 
7.500000 
18.900000 
13.200000 
14.700000 
11.400000 
16.400000 
17.500000 
15.200000 
13.100000 
12.300000 
18.400000 
11.800000 
18.300000 
17.900000 
18.500000 
12.800000 
11.000000 
15.900000 
14.800000 
16.300000 
12.200000 
18.100000 
16.100000 
22.100000 
14.800000 
15.000000 
13.500000 
17.100000 
20.600000 
14.900000 
15.300000 
13.500000 
13.200000 
17.200000 
14.300000 
10.000000 
18.800000 
11.700000 
12.000000 
