15.300000 
14.000000 
15.200000 
11.400000 
15.700000 
12.400000 
14.100000 
13.700000 
16.200000 
19.600000 
17.400000 
19.700000 
19.100000 
13.700000 
18.200000 
20.100000 
15.900000 
14.800000 
11.400000 
14.100000 
12.800000 
14.100000 
14.000000 
19.100000 
15.300000 
15.500000 
16.800000 
15.600000 
12.800000 
23.400000 
16.500000 
13.600000 
12.600000 
4.900000 
17.400000 
12.500000 
14.400000 
15.000000 
18.900000 
8.900000 
10.200000 
16.000000 
19.700000 
14.900000 
11.500000 
14.600000 
20.300000 
14.700000 
16.800000 
20.500000 
15.100000 
15.500000 
14.400000 
12.700000 
18.300000 
20.200000 
12.200000 
14.200000 
10.500000 
15.200000 
17.200000 
13.200000 
18.000000 
16.100000 
15.000000 
18.500000 
20.300000 
14.300000 
12.800000 
17.100000 
14.400000 
12.400000 
13.800000 
13.700000 
11.800000 
12.800000 
11.000000 
11.500000 
15.900000 
10.800000 
12.600000 
15.400000 
13.700000 
15.800000 
16.100000 
12.500000 
17.500000 
18.500000 
12.400000 
12.700000 
13.700000 
16.100000 
15.000000 
13.100000 
16.400000 
16.200000 
18.800000 
13.700000 
16.600000 
15.400000 
