17.800000 
11.600000 
18.800000 
19.100000 
12.200000 
17.600000 
14.400000 
11.300000 
16.600000 
12.000000 
16.000000 
15.400000 
18.100000 
18.200000 
12.500000 
15.300000 
18.600000 
17.200000 
12.700000 
13.700000 
19.800000 
11.200000 
11.600000 
12.400000 
15.000000 
17.800000 
13.800000 
15.800000 
15.100000 
15.400000 
14.900000 
18.100000 
12.100000 
19.200000 
10.500000 
14.500000 
10.300000 
12.900000 
11.500000 
14.600000 
16.500000 
8.500000 
13.400000 
17.800000 
13.600000 
16.100000 
16.000000 
17.100000 
7.700000 
17.100000 
15.900000 
13.100000 
15.800000 
10.200000 
14.300000 
16.500000 
18.000000 
16.700000 
12.600000 
19.000000 
11.000000 
12.200000 
17.700000 
7.700000 
10.900000 
15.900000 
14.600000 
17.000000 
16.800000 
13.200000 
19.000000 
16.600000 
14.400000 
13.300000 
8.600000 
12.900000 
12.700000 
12.600000 
14.700000 
13.100000 
10.200000 
15.100000 
17.700000 
13.900000 
14.400000 
17.200000 
14.600000 
14.800000 
14.700000 
13.100000 
12.300000 
14.100000 
20.400000 
14.700000 
8.900000 
15.400000 
15.100000 
14.700000 
14.500000 
18.800000 
