16.700000 
19.500000 
20.400000 
19.100000 
19.900000 
22.600000 
21.300000 
18.200000 
17.300000 
25.100000 
19.100000 
20.300000 
20.800000 
15.400000 
18.200000 
24.200000 
16.500000 
27.600000 
14.100000 
18.600000 
22.800000 
20.400000 
19.800000 
21.800000 
19.500000 
20.300000 
19.500000 
15.800000 
17.100000 
17.900000 
13.900000 
22.000000 
23.800000 
19.300000 
18.700000 
24.200000 
18.700000 
16.300000 
11.500000 
19.400000 
20.000000 
19.300000 
25.100000 
19.900000 
7.300000 
15.300000 
18.800000 
22.300000 
20.900000 
21.400000 
16.400000 
20.300000 
19.700000 
12.500000 
21.900000 
20.000000 
15.500000 
20.300000 
13.800000 
22.000000 
20.400000 
16.300000 
23.700000 
20.300000 
