12.300000 
14.600000 
11.400000 
13.100000 
19.100000 
12.800000 
9.800000 
14.900000 
15.900000 
11.900000 
18.800000 
14.600000 
16.700000 
17.600000 
15.500000 
21.000000 
11.300000 
9.600000 
16.300000 
15.100000 
10.800000 
14.500000 
14.400000 
12.900000 
15.100000 
16.900000 
17.100000 
15.300000 
8.500000 
16.500000 
17.600000 
14.100000 
15.800000 
11.000000 
11.000000 
18.100000 
17.900000 
15.300000 
12.500000 
16.300000 
16.100000 
11.800000 
17.000000 
17.000000 
18.200000 
13.700000 
15.000000 
14.500000 
15.300000 
13.900000 
14.700000 
13.100000 
12.500000 
13.200000 
10.900000 
17.000000 
15.600000 
11.100000 
15.300000 
11.600000 
17.100000 
15.300000 
15.900000 
19.300000 
14.700000 
14.600000 
19.300000 
13.500000 
16.900000 
15.300000 
14.600000 
18.900000 
17.900000 
16.900000 
8.600000 
15.300000 
16.000000 
11.700000 
15.300000 
12.600000 
12.300000 
17.300000 
17.100000 
10.300000 
18.100000 
11.600000 
18.500000 
12.000000 
10.600000 
16.600000 
11.200000 
13.600000 
14.600000 
14.000000 
16.100000 
11.300000 
13.500000 
14.900000 
14.200000 
15.000000 
