13.400000 
15.500000 
10.900000 
14.700000 
11.800000 
13.800000 
20.200000 
10.500000 
17.100000 
12.900000 
15.300000 
13.400000 
13.800000 
21.200000 
12.100000 
16.000000 
18.000000 
13.200000 
19.600000 
13.600000 
17.400000 
11.600000 
15.200000 
20.100000 
14.000000 
13.200000 
14.800000 
18.400000 
11.400000 
16.400000 
18.700000 
18.800000 
15.500000 
14.900000 
12.600000 
16.700000 
10.900000 
13.600000 
18.500000 
11.300000 
16.700000 
17.800000 
13.600000 
15.100000 
20.800000 
15.900000 
14.600000 
13.900000 
14.500000 
13.400000 
15.800000 
15.100000 
13.000000 
19.400000 
15.000000 
13.000000 
12.200000 
18.600000 
18.300000 
15.700000 
11.100000 
15.900000 
14.200000 
13.000000 
21.100000 
13.400000 
11.900000 
14.400000 
9.300000 
16.900000 
16.000000 
14.400000 
18.800000 
14.000000 
12.600000 
13.300000 
12.800000 
12.900000 
16.600000 
11.700000 
12.800000 
9.500000 
14.000000 
14.600000 
17.100000 
16.300000 
11.800000 
15.000000 
16.700000 
15.400000 
15.900000 
13.700000 
12.000000 
19.700000 
14.600000 
13.200000 
8.600000 
17.300000 
12.000000 
14.100000 
