21.000000 
21.500000 
16.200000 
15.400000 
23.100000 
25.100000 
18.000000 
25.500000 
20.500000 
19.500000 
19.700000 
20.200000 
28.700000 
19.700000 
21.400000 
16.700000 
15.200000 
22.700000 
15.400000 
14.900000 
20.300000 
19.900000 
14.300000 
15.800000 
16.800000 
19.700000 
23.400000 
14.000000 
21.000000 
14.000000 
20.900000 
24.900000 
18.600000 
21.200000 
20.800000 
15.100000 
19.000000 
16.200000 
14.300000 
19.500000 
17.700000 
22.500000 
18.800000 
10.000000 
24.600000 
15.300000 
18.500000 
13.800000 
9.600000 
18.100000 
22.400000 
20.300000 
19.200000 
19.100000 
23.600000 
21.300000 
19.500000 
17.300000 
15.300000 
16.900000 
14.000000 
26.200000 
14.700000 
20.300000 
