21.900000 
19.800000 
17.500000 
20.700000 
26.700000 
22.400000 
20.500000 
12.000000 
25.700000 
18.800000 
21.500000 
17.300000 
19.500000 
15.500000 
21.200000 
22.800000 
21.100000 
20.300000 
12.800000 
20.400000 
16.200000 
20.800000 
22.100000 
18.600000 
23.300000 
22.500000 
18.300000 
20.100000 
21.700000 
13.600000 
16.400000 
12.600000 
17.900000 
20.900000 
24.200000 
15.700000 
16.400000 
19.700000 
17.400000 
18.400000 
18.900000 
17.000000 
16.400000 
14.700000 
23.200000 
12.400000 
20.900000 
16.400000 
15.300000 
20.400000 
17.100000 
22.600000 
20.700000 
21.500000 
20.400000 
24.500000 
25.300000 
26.400000 
19.000000 
21.200000 
23.400000 
19.800000 
13.500000 
18.200000 
