14.700000 
20.900000 
16.400000 
22.600000 
23.000000 
13.500000 
13.900000 
22.400000 
19.100000 
14.500000 
17.900000 
15.800000 
18.400000 
19.800000 
24.500000 
19.700000 
21.400000 
16.400000 
16.400000 
20.900000 
20.000000 
16.400000 
18.200000 
19.200000 
13.000000 
16.400000 
19.300000 
12.900000 
21.900000 
16.700000 
20.800000 
21.000000 
24.500000 
17.900000 
24.500000 
24.300000 
18.700000 
16.600000 
24.800000 
23.900000 
22.400000 
17.300000 
21.400000 
18.000000 
16.400000 
31.400000 
18.000000 
17.600000 
22.100000 
18.400000 
23.800000 
16.700000 
20.600000 
10.100000 
17.000000 
19.400000 
20.400000 
18.700000 
22.600000 
15.200000 
25.000000 
20.300000 
13.300000 
17.300000 
