16.600000 
18.100000 
21.100000 
20.500000 
20.600000 
16.500000 
11.800000 
14.400000 
17.200000 
17.700000 
25.500000 
25.400000 
24.500000 
17.700000 
17.300000 
22.300000 
21.500000 
20.900000 
19.200000 
7.900000 
19.600000 
15.400000 
18.200000 
15.700000 
17.400000 
19.600000 
19.600000 
17.200000 
24.800000 
24.100000 
19.600000 
16.700000 
19.200000 
23.300000 
11.300000 
14.100000 
19.500000 
14.500000 
22.000000 
23.300000 
20.700000 
16.500000 
18.000000 
21.600000 
19.000000 
18.100000 
17.600000 
27.300000 
20.500000 
22.900000 
17.900000 
21.500000 
15.100000 
21.700000 
24.100000 
13.500000 
18.200000 
22.900000 
22.900000 
15.900000 
16.300000 
20.400000 
17.200000 
25.300000 
