20.500000 
21.600000 
20.300000 
17.600000 
25.900000 
15.700000 
16.400000 
16.900000 
23.000000 
20.400000 
23.400000 
14.200000 
21.300000 
15.800000 
18.400000 
11.000000 
24.500000 
20.900000 
16.700000 
11.400000 
20.100000 
22.300000 
22.800000 
20.300000 
13.800000 
13.600000 
18.000000 
18.000000 
19.600000 
19.500000 
20.300000 
19.200000 
24.300000 
26.400000 
21.200000 
20.300000 
11.900000 
23.400000 
18.100000 
20.700000 
21.900000 
15.400000 
21.100000 
21.000000 
16.500000 
12.400000 
19.200000 
10.500000 
17.400000 
15.900000 
16.400000 
16.400000 
16.700000 
22.900000 
13.800000 
22.600000 
29.300000 
14.200000 
15.500000 
24.400000 
23.700000 
21.800000 
16.800000 
16.200000 
