18.000000 
12.300000 
11.200000 
18.100000 
12.900000 
20.300000 
16.500000 
15.600000 
10.800000 
13.100000 
11.500000 
18.500000 
18.700000 
20.000000 
16.100000 
14.300000 
19.900000 
15.500000 
16.100000 
5.600000 
16.700000 
13.100000 
10.600000 
16.600000 
16.000000 
16.800000 
7.400000 
11.800000 
15.300000 
16.000000 
18.800000 
18.200000 
11.100000 
7.200000 
17.200000 
14.300000 
12.600000 
18.500000 
12.300000 
13.600000 
11.500000 
15.900000 
8.700000 
11.900000 
14.200000 
11.900000 
11.500000 
15.900000 
18.500000 
19.400000 
16.700000 
16.200000 
10.900000 
16.100000 
14.700000 
12.700000 
9.100000 
15.300000 
13.700000 
20.000000 
14.000000 
10.200000 
13.800000 
16.100000 
12.100000 
11.300000 
12.200000 
13.100000 
17.600000 
12.900000 
18.700000 
18.500000 
16.000000 
13.000000 
14.400000 
14.500000 
13.200000 
12.700000 
14.500000 
14.300000 
14.000000 
17.500000 
11.000000 
12.600000 
19.400000 
14.500000 
15.200000 
15.300000 
18.300000 
11.400000 
14.200000 
15.600000 
14.900000 
15.800000 
13.500000 
11.600000 
14.700000 
15.100000 
15.400000 
12.200000 
