22.100000 
19.300000 
26.700000 
24.500000 
21.200000 
22.800000 
20.600000 
19.200000 
21.100000 
26.600000 
16.500000 
18.400000 
21.100000 
13.400000 
20.100000 
17.200000 
27.400000 
22.500000 
21.600000 
17.500000 
16.600000 
18.800000 
24.500000 
15.400000 
15.900000 
18.100000 
23.000000 
18.300000 
18.300000 
12.400000 
20.600000 
20.200000 
21.900000 
19.800000 
19.200000 
16.800000 
15.900000 
19.600000 
20.200000 
13.200000 
24.200000 
14.200000 
19.300000 
24.300000 
20.700000 
19.800000 
23.600000 
15.600000 
21.000000 
15.500000 
18.400000 
17.300000 
15.400000 
21.000000 
24.300000 
21.800000 
17.700000 
21.400000 
17.100000 
21.500000 
18.300000 
20.700000 
19.400000 
20.400000 
