22.600000 
14.300000 
13.600000 
20.200000 
9.500000 
18.300000 
11.600000 
14.700000 
16.300000 
12.900000 
15.900000 
17.300000 
14.700000 
6.300000 
13.000000 
13.800000 
14.600000 
14.700000 
16.700000 
15.400000 
19.200000 
13.400000 
10.700000 
14.300000 
21.500000 
12.800000 
14.300000 
15.900000 
15.100000 
11.300000 
14.000000 
12.000000 
8.400000 
16.100000 
16.000000 
12.400000 
12.500000 
15.300000 
18.900000 
13.200000 
8.700000 
14.000000 
17.100000 
16.600000 
18.300000 
11.800000 
14.600000 
17.800000 
17.700000 
15.300000 
16.200000 
13.600000 
15.200000 
16.700000 
12.300000 
16.400000 
21.100000 
12.200000 
16.800000 
13.400000 
17.800000 
17.100000 
14.300000 
14.300000 
9.900000 
14.100000 
14.900000 
21.000000 
15.800000 
12.000000 
15.400000 
15.000000 
16.200000 
14.900000 
17.800000 
13.000000 
16.500000 
12.700000 
16.000000 
14.800000 
15.700000 
16.300000 
14.400000 
16.700000 
11.100000 
12.800000 
18.200000 
12.200000 
14.900000 
15.000000 
14.300000 
12.800000 
15.100000 
14.100000 
13.400000 
15.300000 
15.900000 
18.000000 
18.500000 
13.000000 
