15.800000 
12.300000 
19.000000 
15.000000 
8.700000 
14.700000 
16.300000 
15.500000 
10.100000 
12.600000 
12.200000 
15.700000 
15.300000 
19.000000 
11.300000 
10.300000 
13.600000 
15.700000 
14.200000 
9.700000 
15.800000 
15.600000 
15.300000 
20.100000 
18.900000 
17.300000 
16.200000 
15.900000 
17.000000 
20.200000 
21.100000 
11.900000 
14.800000 
13.300000 
12.000000 
16.400000 
12.400000 
12.700000 
15.400000 
16.900000 
12.400000 
17.000000 
11.400000 
15.900000 
19.600000 
14.200000 
15.600000 
9.900000 
13.300000 
15.600000 
9.300000 
14.300000 
12.400000 
15.000000 
16.600000 
18.600000 
14.700000 
15.700000 
17.800000 
21.800000 
13.500000 
17.300000 
15.500000 
13.800000 
15.900000 
14.600000 
17.200000 
19.300000 
15.800000 
14.300000 
15.800000 
14.900000 
12.700000 
10.200000 
19.500000 
13.000000 
15.200000 
17.200000 
12.300000 
13.700000 
10.400000 
18.400000 
10.800000 
10.100000 
14.000000 
12.100000 
11.300000 
13.200000 
21.200000 
19.300000 
17.400000 
19.100000 
16.900000 
14.300000 
14.500000 
18.200000 
15.300000 
12.600000 
15.000000 
18.500000 
