14.100000 
16.300000 
17.600000 
19.800000 
9.500000 
17.600000 
17.600000 
20.100000 
15.300000 
16.400000 
16.600000 
20.200000 
18.700000 
14.400000 
13.700000 
12.000000 
13.400000 
14.600000 
20.400000 
14.300000 
14.600000 
11.700000 
14.400000 
12.400000 
14.200000 
13.600000 
13.100000 
9.600000 
14.500000 
18.400000 
17.100000 
16.100000 
6.900000 
14.500000 
11.900000 
16.200000 
11.500000 
14.900000 
8.500000 
9.900000 
15.900000 
17.300000 
19.300000 
13.700000 
17.300000 
17.500000 
11.100000 
16.300000 
17.100000 
14.500000 
18.100000 
11.800000 
14.200000 
17.800000 
19.100000 
13.800000 
16.300000 
13.500000 
14.100000 
15.100000 
18.400000 
15.800000 
12.300000 
14.300000 
18.400000 
17.800000 
10.100000 
18.900000 
15.400000 
12.000000 
16.700000 
13.900000 
12.100000 
11.100000 
16.800000 
14.700000 
21.800000 
18.600000 
17.100000 
12.100000 
19.600000 
8.800000 
15.800000 
15.500000 
11.600000 
20.800000 
13.500000 
14.200000 
11.900000 
15.600000 
10.400000 
16.000000 
15.400000 
19.300000 
14.000000 
10.400000 
11.900000 
11.200000 
14.800000 
12.700000 
