19.400000 
14.200000 
17.200000 
15.500000 
22.000000 
26.400000 
22.600000 
16.000000 
18.300000 
23.600000 
18.300000 
16.800000 
12.100000 
16.100000 
14.000000 
15.400000 
18.800000 
16.700000 
19.200000 
24.800000 
22.100000 
16.600000 
24.100000 
14.500000 
18.600000 
17.600000 
25.600000 
19.200000 
25.400000 
12.300000 
15.400000 
15.500000 
18.200000 
11.100000 
15.600000 
18.900000 
16.000000 
17.000000 
13.700000 
16.200000 
16.100000 
24.600000 
16.800000 
10.300000 
23.100000 
19.900000 
21.200000 
19.400000 
21.400000 
17.900000 
23.200000 
22.000000 
13.100000 
21.200000 
17.500000 
20.000000 
20.600000 
8.500000 
16.100000 
17.400000 
17.800000 
17.300000 
22.100000 
14.400000 
