10.800000 
12.800000 
14.400000 
16.000000 
9.600000 
15.000000 
6.700000 
16.500000 
13.800000 
11.400000 
13.300000 
11.500000 
8.500000 
11.900000 
14.000000 
11.600000 
10.200000 
12.800000 
13.000000 
16.000000 
12.900000 
15.600000 
12.900000 
10.600000 
7.100000 
9.400000 
10.000000 
9.400000 
15.200000 
15.000000 
12.800000 
13.400000 
9.700000 
14.200000 
16.400000 
13.500000 
12.900000 
14.300000 
14.300000 
12.300000 
15.600000 
16.600000 
16.500000 
6.600000 
12.500000 
11.600000 
12.600000 
14.300000 
7.200000 
10.600000 
12.700000 
8.200000 
10.000000 
9.800000 
8.400000 
14.300000 
11.900000 
8.900000 
9.800000 
16.300000 
14.800000 
10.600000 
11.000000 
13.700000 
16.200000 
14.700000 
14.600000 
13.100000 
13.100000 
14.500000 
13.600000 
13.200000 
14.600000 
11.800000 
13.800000 
12.800000 
12.900000 
11.200000 
8.900000 
12.800000 
13.600000 
10.400000 
13.700000 
11.800000 
6.600000 
15.000000 
11.800000 
13.900000 
13.400000 
13.400000 
13.300000 
16.300000 
11.900000 
6.800000 
6.900000 
7.700000 
10.700000 
12.300000 
8.600000 
12.400000 
11.200000 
15.300000 
11.400000 
13.100000 
17.400000 
10.600000 
16.300000 
13.100000 
13.100000 
12.000000 
14.000000 
10.600000 
11.200000 
14.500000 
14.100000 
15.900000 
10.500000 
11.000000 
13.800000 
13.300000 
12.600000 
14.200000 
13.000000 
16.100000 
12.500000 
7.200000 
11.900000 
9.900000 
14.100000 
14.800000 
10.300000 
14.300000 
13.100000 
10.500000 
9.700000 
13.200000 
10.200000 
11.300000 
13.500000 
9.800000 
10.800000 
13.300000 
9.800000 
13.800000 
