17.600000 
21.000000 
18.900000 
10.600000 
12.600000 
21.900000 
19.300000 
20.300000 
19.000000 
22.100000 
20.200000 
18.800000 
21.900000 
23.800000 
22.300000 
26.900000 
28.100000 
23.200000 
18.500000 
19.200000 
18.500000 
25.300000 
18.500000 
16.300000 
16.500000 
12.700000 
17.800000 
18.700000 
21.600000 
15.800000 
17.900000 
18.500000 
23.100000 
21.800000 
14.800000 
15.600000 
13.100000 
18.700000 
17.800000 
17.900000 
21.200000 
12.700000 
18.000000 
12.300000 
20.600000 
14.300000 
24.900000 
18.500000 
17.200000 
16.200000 
18.700000 
20.600000 
18.600000 
13.600000 
17.900000 
17.900000 
18.300000 
26.100000 
11.700000 
23.600000 
18.200000 
14.800000 
20.900000 
22.900000 
