17.600000 
20.300000 
11.500000 
16.200000 
14.300000 
17.000000 
9.300000 
16.000000 
16.200000 
16.800000 
15.600000 
19.000000 
18.500000 
13.900000 
10.200000 
13.600000 
14.600000 
15.300000 
10.600000 
18.400000 
15.000000 
10.000000 
17.600000 
18.600000 
14.200000 
20.600000 
15.000000 
18.900000 
12.000000 
11.500000 
21.700000 
15.800000 
12.100000 
18.600000 
9.900000 
16.500000 
15.500000 
12.700000 
13.500000 
16.500000 
19.800000 
12.900000 
14.700000 
19.500000 
12.100000 
13.500000 
20.800000 
15.700000 
18.100000 
13.800000 
13.100000 
12.200000 
9.000000 
12.800000 
13.600000 
13.000000 
10.500000 
13.800000 
13.400000 
16.100000 
12.400000 
14.500000 
13.700000 
12.000000 
10.000000 
16.900000 
17.600000 
14.300000 
20.000000 
13.600000 
20.800000 
14.700000 
11.000000 
12.200000 
19.200000 
16.800000 
10.200000 
10.600000 
13.100000 
16.600000 
22.200000 
15.500000 
13.700000 
17.200000 
8.800000 
14.500000 
14.200000 
12.900000 
14.800000 
18.100000 
11.000000 
12.900000 
14.900000 
11.200000 
15.200000 
14.800000 
14.700000 
14.700000 
13.900000 
13.900000 
