20.500000 
13.400000 
22.500000 
20.700000 
17.900000 
16.000000 
15.000000 
20.900000 
22.500000 
17.000000 
21.600000 
17.900000 
23.800000 
17.600000 
19.000000 
10.200000 
18.300000 
20.900000 
22.800000 
19.400000 
18.200000 
25.100000 
24.600000 
24.100000 
18.200000 
18.700000 
22.500000 
12.100000 
18.600000 
16.800000 
20.900000 
20.100000 
19.900000 
20.100000 
23.300000 
20.200000 
8.300000 
20.200000 
22.300000 
13.400000 
17.200000 
22.600000 
21.500000 
16.600000 
19.600000 
23.400000 
25.100000 
23.700000 
21.500000 
20.100000 
19.000000 
18.900000 
27.400000 
14.700000 
14.400000 
24.100000 
19.300000 
18.300000 
20.800000 
20.000000 
15.900000 
25.500000 
15.600000 
17.900000 
