18.200000 
13.000000 
12.500000 
15.400000 
17.600000 
16.300000 
17.000000 
21.300000 
13.800000 
11.800000 
15.500000 
17.600000 
15.100000 
16.900000 
12.400000 
19.900000 
15.800000 
12.500000 
13.100000 
18.600000 
13.600000 
13.500000 
16.400000 
19.400000 
15.000000 
12.000000 
11.200000 
20.400000 
17.300000 
14.700000 
16.600000 
12.800000 
19.300000 
13.900000 
14.600000 
16.500000 
12.400000 
14.400000 
14.500000 
16.000000 
15.700000 
9.900000 
14.600000 
15.200000 
11.600000 
15.800000 
17.100000 
12.500000 
13.400000 
14.600000 
19.200000 
13.600000 
16.300000 
13.100000 
14.200000 
12.900000 
12.700000 
15.900000 
14.400000 
20.700000 
13.900000 
17.800000 
17.600000 
16.700000 
15.200000 
13.800000 
14.200000 
13.600000 
15.800000 
14.600000 
19.100000 
21.400000 
19.500000 
14.300000 
12.000000 
13.700000 
17.800000 
15.300000 
12.400000 
18.500000 
18.800000 
10.700000 
15.300000 
13.300000 
12.700000 
15.100000 
10.800000 
16.000000 
10.300000 
13.300000 
12.900000 
14.200000 
14.800000 
11.600000 
15.600000 
18.900000 
16.200000 
13.600000 
12.100000 
13.500000 
