20.300000 
21.100000 
15.600000 
18.900000 
20.200000 
14.900000 
24.300000 
18.300000 
14.400000 
30.300000 
21.400000 
16.000000 
15.600000 
24.000000 
16.900000 
16.000000 
13.000000 
16.200000 
18.800000 
12.800000 
16.200000 
17.700000 
21.100000 
16.600000 
21.200000 
20.100000 
24.900000 
18.500000 
22.600000 
14.100000 
13.300000 
18.300000 
23.500000 
20.800000 
17.400000 
22.800000 
20.400000 
14.000000 
15.000000 
19.700000 
20.000000 
9.700000 
21.100000 
21.700000 
16.600000 
14.800000 
20.100000 
21.000000 
15.900000 
19.700000 
18.400000 
17.200000 
17.200000 
17.100000 
29.600000 
10.200000 
16.100000 
16.800000 
24.200000 
9.900000 
20.500000 
14.100000 
17.300000 
23.200000 
