21.000000 
19.000000 
17.200000 
12.700000 
17.800000 
14.400000 
19.100000 
16.500000 
25.100000 
18.700000 
13.900000 
16.800000 
19.000000 
12.600000 
19.600000 
14.000000 
21.300000 
19.200000 
21.900000 
17.200000 
15.000000 
15.200000 
18.600000 
20.200000 
17.700000 
20.800000 
23.300000 
25.000000 
18.900000 
22.900000 
28.100000 
18.000000 
19.300000 
13.700000 
21.100000 
17.700000 
14.700000 
19.100000 
20.400000 
10.300000 
20.100000 
25.100000 
15.300000 
23.100000 
20.600000 
20.100000 
21.200000 
22.300000 
26.200000 
20.700000 
23.500000 
11.400000 
20.000000 
10.700000 
20.000000 
23.100000 
23.600000 
12.800000 
20.300000 
22.200000 
18.300000 
16.100000 
14.100000 
19.300000 
