13.300000 
11.800000 
12.800000 
13.800000 
11.000000 
9.000000 
5.100000 
9.900000 
12.800000 
15.500000 
14.600000 
11.500000 
7.700000 
11.000000 
12.700000 
16.400000 
10.500000 
14.500000 
9.900000 
11.800000 
13.700000 
12.700000 
8.000000 
13.000000 
9.100000 
13.600000 
15.800000 
11.800000 
11.700000 
9.700000 
12.300000 
16.100000 
14.600000 
12.900000 
14.500000 
10.000000 
14.300000 
9.800000 
12.300000 
14.300000 
14.700000 
8.200000 
14.600000 
16.000000 
13.500000 
14.800000 
10.500000 
10.700000 
14.800000 
13.700000 
12.600000 
12.500000 
15.200000 
13.900000 
12.300000 
7.800000 
11.800000 
14.600000 
14.400000 
11.600000 
13.000000 
12.100000 
10.100000 
12.200000 
13.600000 
14.400000 
12.600000 
10.100000 
20.800000 
13.200000 
13.900000 
12.200000 
12.200000 
12.000000 
15.900000 
11.200000 
9.700000 
11.800000 
7.000000 
11.700000 
12.500000 
10.800000 
13.500000 
19.000000 
14.900000 
15.000000 
13.200000 
7.300000 
10.300000 
11.400000 
12.500000 
16.300000 
15.000000 
8.000000 
17.000000 
13.100000 
8.400000 
10.300000 
12.400000 
9.800000 
13.400000 
9.000000 
11.400000 
13.300000 
10.200000 
11.500000 
13.600000 
7.000000 
16.300000 
12.900000 
11.000000 
15.300000 
13.400000 
12.100000 
13.600000 
13.800000 
13.300000 
15.200000 
16.500000 
11.200000 
13.500000 
13.600000 
8.300000 
9.900000 
11.400000 
12.800000 
15.500000 
16.500000 
9.700000 
9.800000 
10.400000 
11.600000 
14.100000 
8.700000 
12.800000 
9.600000 
14.500000 
15.000000 
12.700000 
12.100000 
12.900000 
14.800000 
8.800000 
14.900000 
