15.200000 
16.600000 
20.400000 
20.500000 
19.500000 
21.500000 
19.600000 
22.700000 
22.900000 
16.700000 
18.500000 
19.600000 
12.800000 
18.700000 
18.800000 
19.500000 
17.100000 
15.200000 
17.500000 
15.400000 
17.600000 
21.200000 
21.100000 
22.500000 
25.700000 
15.700000 
11.600000 
19.900000 
17.300000 
19.600000 
13.300000 
25.500000 
19.900000 
24.200000 
20.100000 
22.500000 
15.700000 
9.800000 
18.800000 
20.500000 
19.500000 
19.000000 
23.800000 
24.100000 
17.300000 
13.500000 
16.000000 
14.500000 
16.600000 
14.700000 
19.700000 
21.400000 
14.700000 
23.300000 
21.000000 
17.800000 
25.400000 
18.200000 
15.700000 
15.500000 
24.100000 
20.700000 
23.000000 
17.600000 
