21.600000 
18.800000 
22.400000 
17.200000 
12.500000 
24.500000 
7.700000 
15.300000 
13.600000 
27.200000 
24.400000 
18.600000 
20.100000 
20.400000 
17.600000 
15.600000 
13.900000 
18.300000 
15.800000 
18.600000 
18.600000 
14.800000 
21.100000 
26.300000 
16.400000 
18.900000 
27.200000 
25.600000 
15.200000 
25.800000 
21.000000 
19.200000 
13.700000 
19.300000 
22.900000 
21.300000 
15.900000 
21.900000 
20.500000 
14.900000 
9.700000 
19.200000 
19.300000 
17.700000 
18.900000 
20.400000 
14.100000 
15.900000 
22.900000 
17.900000 
17.200000 
22.400000 
17.300000 
19.100000 
17.900000 
15.600000 
19.100000 
15.100000 
14.600000 
26.300000 
9.400000 
17.100000 
21.700000 
16.500000 
