18.900000 
15.500000 
12.600000 
18.500000 
12.000000 
16.300000 
20.500000 
11.800000 
18.200000 
14.500000 
17.600000 
14.500000 
19.400000 
16.400000 
18.400000 
13.600000 
19.900000 
16.500000 
11.900000 
17.100000 
21.000000 
17.100000 
13.700000 
18.200000 
19.800000 
20.600000 
15.800000 
13.300000 
21.200000 
17.700000 
17.600000 
20.000000 
11.400000 
20.400000 
11.900000 
20.500000 
21.000000 
18.700000 
15.500000 
13.400000 
17.500000 
17.000000 
17.100000 
15.400000 
17.100000 
17.700000 
12.700000 
20.900000 
19.200000 
15.900000 
17.400000 
15.800000 
15.900000 
18.300000 
12.600000 
21.000000 
18.700000 
20.500000 
15.200000 
20.300000 
17.400000 
11.500000 
17.700000 
14.100000 
