13.800000 
18.800000 
19.400000 
13.700000 
15.700000 
18.300000 
18.900000 
20.000000 
20.700000 
19.400000 
18.200000 
15.500000 
14.700000 
16.200000 
18.200000 
20.000000 
16.800000 
18.400000 
12.900000 
17.900000 
21.000000 
19.500000 
15.400000 
14.200000 
15.900000 
17.700000 
15.000000 
15.300000 
18.400000 
12.400000 
18.800000 
19.200000 
17.200000 
16.100000 
13.400000 
19.900000 
11.300000 
20.700000 
20.400000 
20.200000 
20.900000 
11.200000 
15.900000 
12.000000 
11.800000 
15.800000 
11.400000 
14.800000 
14.500000 
20.800000 
14.000000 
13.800000 
12.400000 
21.200000 
13.300000 
14.700000 
16.600000 
12.600000 
11.200000 
16.800000 
21.100000 
15.100000 
11.300000 
18.700000 
