12.400000 
17.300000 
19.000000 
17.100000 
17.200000 
14.600000 
16.300000 
17.300000 
20.800000 
12.400000 
13.100000 
18.000000 
18.300000 
14.300000 
14.000000 
13.300000 
21.000000 
18.000000 
20.200000 
20.700000 
20.700000 
15.500000 
19.300000 
15.000000 
19.500000 
14.400000 
18.400000 
14.100000 
17.400000 
15.800000 
12.700000 
12.400000 
21.000000 
12.000000 
13.900000 
14.100000 
20.000000 
14.700000 
11.500000 
11.300000 
19.600000 
17.100000 
12.100000 
13.500000 
15.700000 
19.400000 
18.400000 
16.100000 
19.000000 
16.000000 
14.200000 
14.000000 
12.900000 
20.200000 
13.100000 
13.300000 
19.600000 
11.200000 
20.400000 
13.000000 
18.200000 
19.100000 
14.100000 
11.700000 
