16.200000 
12.200000 
20.300000 
18.000000 
21.100000 
14.800000 
11.400000 
19.900000 
17.200000 
18.100000 
16.200000 
20.900000 
21.000000 
12.000000 
19.200000 
21.000000 
18.300000 
13.600000 
19.700000 
13.300000 
21.100000 
20.700000 
20.300000 
19.100000 
12.300000 
19.200000 
19.500000 
18.900000 
17.900000 
18.100000 
13.700000 
18.500000 
12.800000 
18.000000 
19.900000 
15.500000 
12.600000 
12.800000 
15.000000 
21.000000 
16.200000 
17.600000 
20.200000 
18.100000 
16.000000 
15.600000 
18.900000 
11.500000 
14.500000 
15.200000 
16.900000 
13.000000 
13.400000 
20.700000 
16.400000 
19.300000 
13.600000 
20.600000 
20.700000 
14.200000 
18.800000 
11.500000 
11.300000 
17.300000 
