14.000000 
11.800000 
14.700000 
16.500000 
16.700000 
19.000000 
15.800000 
18.900000 
19.800000 
20.000000 
21.100000 
18.900000 
13.400000 
20.900000 
13.400000 
11.300000 
12.400000 
14.000000 
16.000000 
15.100000 
14.500000 
14.700000 
18.500000 
19.100000 
14.000000 
12.300000 
17.600000 
17.000000 
12.300000 
15.400000 
19.100000 
17.800000 
14.900000 
18.700000 
17.700000 
13.500000 
21.000000 
21.100000 
18.400000 
16.000000 
15.500000 
14.500000 
12.200000 
18.100000 
18.400000 
20.300000 
15.700000 
16.300000 
14.600000 
17.200000 
12.600000 
20.800000 
14.100000 
18.100000 
11.900000 
18.200000 
15.900000 
16.200000 
20.300000 
16.800000 
17.700000 
14.200000 
20.900000 
13.100000 
