16.600000 
18.200000 
19.600000 
17.700000 
13.800000 
12.400000 
14.200000 
17.200000 
14.000000 
11.800000 
12.000000 
13.200000 
14.900000 
16.100000 
17.200000 
19.500000 
14.800000 
12.400000 
20.100000 
13.600000 
15.600000 
11.500000 
15.800000 
20.600000 
18.100000 
18.900000 
20.900000 
11.500000 
17.300000 
21.000000 
17.800000 
17.100000 
15.200000 
19.900000 
15.700000 
20.000000 
12.100000 
11.900000 
12.400000 
18.500000 
17.300000 
14.500000 
20.000000 
12.500000 
15.300000 
13.500000 
17.100000 
16.200000 
14.200000 
20.500000 
18.400000 
18.300000 
14.800000 
17.500000 
19.800000 
20.100000 
19.700000 
18.800000 
20.700000 
16.200000 
12.800000 
16.000000 
16.400000 
18.700000 
