18.000000 
16.400000 
15.500000 
16.300000 
11.300000 
16.300000 
13.300000 
18.400000 
16.800000 
15.900000 
14.600000 
18.600000 
19.000000 
17.300000 
20.800000 
15.300000 
13.000000 
12.100000 
12.200000 
21.100000 
20.300000 
13.500000 
12.800000 
16.500000 
21.000000 
16.500000 
18.600000 
18.500000 
19.000000 
15.100000 
19.300000 
14.900000 
20.900000 
13.600000 
15.000000 
12.100000 
19.500000 
12.800000 
16.000000 
19.300000 
21.200000 
15.600000 
15.400000 
15.600000 
11.900000 
13.200000 
14.600000 
18.800000 
17.600000 
17.200000 
16.900000 
16.900000 
17.900000 
20.500000 
12.700000 
14.400000 
19.600000 
16.200000 
17.200000 
12.000000 
13.400000 
12.300000 
17.300000 
11.400000 
