11.300000 
11.900000 
9.400000 
14.800000 
10.500000 
14.600000 
15.800000 
13.400000 
12.200000 
9.600000 
16.300000 
14.600000 
13.500000 
12.300000 
10.600000 
14.900000 
12.600000 
16.600000 
13.900000 
14.100000 
13.400000 
10.600000 
12.000000 
10.800000 
11.400000 
10.700000 
12.100000 
15.800000 
15.100000 
16.500000 
15.200000 
16.000000 
16.000000 
15.600000 
9.500000 
16.800000 
15.400000 
13.000000 
11.700000 
12.700000 
15.800000 
11.500000 
14.200000 
11.700000 
15.000000 
13.600000 
10.200000 
9.300000 
15.900000 
11.600000 
14.600000 
11.400000 
15.700000 
15.400000 
16.900000 
15.700000 
14.700000 
15.400000 
12.000000 
11.700000 
16.200000 
15.800000 
15.500000 
11.400000 
13.700000 
10.700000 
14.800000 
16.700000 
9.500000 
16.800000 
10.800000 
12.500000 
10.400000 
15.900000 
15.400000 
9.200000 
15.700000 
13.900000 
14.000000 
12.100000 
15.800000 
13.500000 
16.900000 
14.800000 
15.500000 
12.000000 
12.300000 
12.300000 
10.500000 
16.100000 
9.000000 
11.700000 
13.900000 
15.600000 
15.000000 
14.200000 
15.200000 
11.800000 
10.700000 
16.800000 
