14.300000 
16.300000 
16.400000 
15.000000 
12.100000 
20.600000 
20.400000 
16.000000 
19.300000 
15.600000 
18.700000 
11.700000 
17.900000 
19.300000 
19.600000 
20.800000 
15.200000 
13.500000 
12.200000 
20.500000 
12.400000 
12.300000 
17.100000 
12.500000 
20.000000 
15.500000 
17.800000 
13.600000 
20.100000 
13.900000 
19.100000 
16.300000 
15.300000 
16.200000 
19.200000 
16.900000 
18.100000 
12.000000 
15.000000 
17.800000 
14.800000 
16.400000 
12.900000 
11.700000 
21.100000 
17.200000 
17.700000 
17.800000 
18.500000 
19.800000 
20.300000 
12.600000 
16.600000 
18.800000 
13.100000 
11.900000 
14.800000 
15.800000 
17.200000 
17.300000 
19.000000 
21.100000 
20.200000 
20.300000 
