12.000000 
15.300000 
20.600000 
18.300000 
14.400000 
12.400000 
20.300000 
13.400000 
17.100000 
17.100000 
16.000000 
12.300000 
14.600000 
12.400000 
14.000000 
16.100000 
14.900000 
20.200000 
12.500000 
14.200000 
16.100000 
19.700000 
19.600000 
17.100000 
11.600000 
14.000000 
16.900000 
16.700000 
14.300000 
13.500000 
12.800000 
20.000000 
13.400000 
11.300000 
17.800000 
12.400000 
16.200000 
12.200000 
20.900000 
17.200000 
12.400000 
15.300000 
19.000000 
17.900000 
16.300000 
14.000000 
16.700000 
19.300000 
15.200000 
19.500000 
17.600000 
15.000000 
15.800000 
12.100000 
18.100000 
20.200000 
19.200000 
19.900000 
17.100000 
12.200000 
13.600000 
16.900000 
18.300000 
11.800000 
