18.300000 
20.700000 
17.800000 
19.600000 
16.800000 
17.400000 
15.700000 
12.500000 
13.300000 
15.600000 
12.300000 
12.600000 
21.100000 
12.600000 
18.500000 
15.100000 
13.600000 
15.100000 
11.300000 
21.100000 
20.900000 
12.600000 
18.200000 
18.700000 
18.300000 
21.000000 
17.800000 
18.300000 
17.400000 
17.700000 
13.100000 
13.000000 
20.800000 
15.000000 
18.500000 
14.300000 
14.900000 
17.500000 
18.900000 
13.000000 
18.200000 
15.700000 
12.200000 
19.500000 
14.000000 
18.100000 
14.100000 
12.200000 
17.200000 
15.300000 
20.800000 
19.900000 
21.200000 
14.500000 
16.600000 
16.600000 
16.100000 
18.500000 
12.800000 
20.900000 
16.000000 
17.500000 
18.000000 
16.400000 
