17.000000 
19.600000 
16.200000 
12.800000 
11.500000 
16.200000 
15.000000 
17.200000 
17.400000 
18.500000 
11.800000 
13.300000 
13.800000 
20.400000 
19.700000 
12.900000 
13.400000 
14.500000 
15.800000 
12.000000 
18.300000 
12.000000 
18.000000 
14.400000 
18.700000 
12.000000 
12.300000 
11.300000 
17.300000 
17.200000 
17.700000 
15.000000 
17.200000 
12.700000 
18.400000 
17.200000 
11.500000 
11.400000 
19.200000 
17.800000 
11.300000 
12.300000 
13.000000 
19.100000 
19.700000 
13.500000 
17.100000 
19.300000 
13.000000 
14.000000 
12.400000 
16.300000 
18.800000 
21.200000 
17.500000 
18.500000 
16.500000 
11.800000 
13.300000 
13.100000 
12.400000 
18.500000 
17.300000 
15.600000 
