15.100000 
18.400000 
18.300000 
12.600000 
18.600000 
16.600000 
19.500000 
15.000000 
12.500000 
17.400000 
18.300000 
20.600000 
17.600000 
15.100000 
14.000000 
16.600000 
11.400000 
13.900000 
12.800000 
12.200000 
16.800000 
20.100000 
14.300000 
20.700000 
15.800000 
11.400000 
14.700000 
11.200000 
15.400000 
17.800000 
11.400000 
17.700000 
12.500000 
16.300000 
20.500000 
15.500000 
14.100000 
15.800000 
13.700000 
12.200000 
15.200000 
15.900000 
14.000000 
20.700000 
21.100000 
15.200000 
19.500000 
14.900000 
16.200000 
16.200000 
14.700000 
17.000000 
16.600000 
12.600000 
19.000000 
13.900000 
17.600000 
18.300000 
13.500000 
18.400000 
21.000000 
13.400000 
18.200000 
19.200000 
