16.600000 
13.500000 
14.000000 
13.400000 
18.300000 
20.100000 
20.100000 
16.400000 
18.700000 
20.200000 
13.200000 
16.600000 
20.600000 
17.900000 
17.100000 
20.300000 
14.200000 
17.300000 
19.000000 
14.700000 
13.800000 
12.000000 
11.400000 
15.300000 
21.000000 
12.700000 
11.300000 
18.100000 
12.300000 
12.000000 
17.800000 
13.800000 
15.600000 
19.600000 
17.100000 
16.600000 
20.900000 
20.700000 
15.000000 
19.800000 
16.300000 
14.500000 
20.200000 
20.100000 
12.900000 
12.700000 
11.300000 
14.100000 
21.200000 
19.000000 
12.900000 
18.100000 
18.200000 
18.600000 
20.800000 
11.700000 
13.200000 
17.600000 
13.100000 
17.300000 
20.400000 
20.100000 
17.300000 
11.500000 
