9.300000 
14.800000 
15.500000 
9.500000 
15.400000 
9.700000 
12.600000 
16.300000 
12.700000 
15.400000 
14.300000 
12.400000 
11.900000 
12.300000 
13.700000 
11.600000 
15.600000 
16.000000 
9.900000 
15.400000 
15.600000 
12.700000 
16.900000 
9.600000 
12.300000 
14.800000 
11.600000 
12.400000 
16.800000 
14.700000 
15.100000 
13.600000 
16.200000 
13.700000 
15.200000 
13.600000 
15.400000 
11.300000 
9.900000 
16.600000 
16.700000 
12.200000 
16.800000 
14.500000 
16.900000 
13.600000 
16.100000 
16.700000 
10.800000 
16.900000 
15.000000 
12.800000 
12.900000 
13.000000 
16.800000 
11.700000 
11.200000 
11.100000 
16.500000 
10.400000 
12.900000 
13.500000 
15.400000 
16.100000 
9.200000 
10.400000 
11.700000 
15.900000 
15.600000 
15.900000 
15.700000 
15.200000 
12.200000 
11.300000 
13.500000 
10.100000 
9.600000 
13.100000 
14.400000 
14.500000 
13.700000 
9.700000 
16.800000 
13.500000 
16.400000 
14.400000 
14.200000 
12.700000 
11.400000 
12.600000 
13.000000 
10.300000 
12.400000 
13.700000 
13.600000 
16.500000 
10.700000 
14.000000 
9.900000 
16.200000 
