20.700000 
18.300000 
15.200000 
19.600000 
18.000000 
19.600000 
18.300000 
14.300000 
19.000000 
16.700000 
13.900000 
11.800000 
13.600000 
18.600000 
20.000000 
19.200000 
14.800000 
18.300000 
16.000000 
14.100000 
12.300000 
13.700000 
13.600000 
17.600000 
17.700000 
18.300000 
15.500000 
20.800000 
11.300000 
19.500000 
12.000000 
20.700000 
17.000000 
19.300000 
20.800000 
18.800000 
16.700000 
19.900000 
18.200000 
19.500000 
14.000000 
11.700000 
15.200000 
19.700000 
18.500000 
11.500000 
15.800000 
16.500000 
15.600000 
12.300000 
16.800000 
20.100000 
21.200000 
18.400000 
16.100000 
20.000000 
12.800000 
17.900000 
14.200000 
19.000000 
12.000000 
11.400000 
16.500000 
14.500000 
