12.600000 
11.800000 
8.100000 
8.700000 
12.200000 
9.600000 
9.300000 
12.800000 
11.900000 
7.900000 
8.800000 
8.900000 
14.200000 
8.300000 
10.700000 
12.100000 
9.700000 
10.700000 
13.100000 
11.900000 
11.700000 
9.400000 
9.400000 
14.800000 
10.000000 
9.800000 
13.300000 
8.300000 
8.700000 
11.600000 
7.600000 
9.800000 
12.500000 
9.200000 
9.300000 
9.500000 
11.000000 
7.600000 
14.200000 
13.900000 
7.500000 
10.600000 
11.600000 
9.100000 
7.600000 
8.200000 
8.700000 
8.200000 
12.800000 
11.400000 
10.000000 
8.200000 
11.200000 
7.600000 
8.700000 
10.300000 
9.100000 
9.200000 
10.800000 
8.400000 
7.500000 
8.900000 
8.000000 
10.000000 
