13.800000 
10.800000 
8.400000 
9.000000 
7.600000 
8.100000 
11.800000 
13.800000 
11.000000 
8.700000 
8.700000 
9.500000 
11.400000 
8.200000 
13.400000 
11.000000 
12.300000 
8.600000 
9.100000 
14.600000 
11.500000 
8.800000 
13.800000 
12.600000 
8.500000 
9.500000 
9.300000 
11.200000 
13.400000 
9.400000 
11.000000 
10.100000 
12.400000 
10.400000 
13.700000 
9.400000 
14.100000 
13.700000 
12.100000 
8.400000 
12.600000 
12.100000 
8.900000 
14.800000 
10.100000 
14.200000 
12.100000 
7.800000 
13.500000 
11.900000 
14.000000 
8.700000 
10.700000 
10.900000 
10.500000 
8.100000 
13.500000 
12.800000 
14.500000 
9.700000 
14.700000 
11.900000 
10.700000 
14.700000 
