12.800000 
14.900000 
10.900000 
7.500000 
10.000000 
9.200000 
9.900000 
8.400000 
14.900000 
11.300000 
10.600000 
14.500000 
11.800000 
12.700000 
11.500000 
10.600000 
10.800000 
12.200000 
14.100000 
10.600000 
14.200000 
7.600000 
13.700000 
8.200000 
10.700000 
9.700000 
14.700000 
13.700000 
10.200000 
11.100000 
9.000000 
9.400000 
8.400000 
8.800000 
14.500000 
13.500000 
14.900000 
11.400000 
11.200000 
8.500000 
13.100000 
9.100000 
8.300000 
11.100000 
13.100000 
8.700000 
14.000000 
11.200000 
13.300000 
13.700000 
13.700000 
7.500000 
13.300000 
9.000000 
12.500000 
12.500000 
14.800000 
10.600000 
8.500000 
11.300000 
9.100000 
7.900000 
10.700000 
12.900000 
