13.000000 
9.500000 
13.100000 
11.200000 
11.800000 
11.300000 
12.900000 
9.000000 
11.700000 
8.100000 
10.300000 
7.800000 
10.300000 
12.800000 
12.200000 
11.700000 
12.500000 
12.000000 
7.900000 
9.400000 
8.300000 
9.600000 
8.800000 
13.900000 
10.000000 
11.500000 
12.700000 
13.000000 
14.500000 
14.600000 
9.300000 
11.800000 
9.100000 
11.600000 
8.800000 
14.100000 
10.900000 
13.200000 
10.400000 
13.900000 
10.100000 
11.200000 
9.100000 
14.300000 
7.800000 
14.300000 
11.300000 
14.700000 
9.300000 
7.900000 
13.100000 
14.800000 
14.600000 
9.200000 
10.100000 
10.200000 
10.800000 
11.400000 
13.500000 
11.200000 
10.200000 
10.100000 
10.900000 
9.400000 
