11.900000 
7.600000 
13.700000 
11.500000 
14.500000 
13.500000 
11.600000 
9.800000 
13.600000 
8.000000 
11.400000 
12.100000 
12.600000 
10.400000 
8.300000 
12.700000 
11.400000 
14.800000 
12.900000 
14.100000 
11.600000 
9.700000 
7.600000 
10.600000 
14.900000 
13.300000 
12.200000 
14.100000 
8.500000 
12.500000 
13.600000 
10.600000 
11.700000 
12.100000 
7.800000 
10.200000 
11.200000 
7.600000 
11.600000 
8.300000 
10.000000 
10.000000 
8.900000 
13.700000 
12.800000 
12.200000 
9.900000 
14.400000 
8.800000 
14.600000 
8.800000 
10.200000 
13.500000 
8.400000 
9.600000 
10.700000 
13.400000 
10.100000 
12.000000 
7.600000 
13.700000 
9.800000 
12.600000 
11.600000 
