11.500000 
9.800000 
13.000000 
13.200000 
8.000000 
12.600000 
9.400000 
8.900000 
11.100000 
12.600000 
9.800000 
11.000000 
7.900000 
11.200000 
10.200000 
14.500000 
12.400000 
14.000000 
9.900000 
11.800000 
13.300000 
13.100000 
10.800000 
7.500000 
12.300000 
10.400000 
12.100000 
14.800000 
11.000000 
13.400000 
13.400000 
12.200000 
12.400000 
10.900000 
10.400000 
10.100000 
14.200000 
14.300000 
11.400000 
13.900000 
11.300000 
9.800000 
8.700000 
10.300000 
14.600000 
13.500000 
10.400000 
11.700000 
11.100000 
12.800000 
14.000000 
8.200000 
12.200000 
8.900000 
10.900000 
9.500000 
12.100000 
9.600000 
7.800000 
13.700000 
10.400000 
10.000000 
12.300000 
8.100000 
