7.800000 
14.000000 
14.600000 
8.000000 
12.300000 
10.400000 
8.100000 
8.500000 
14.500000 
11.400000 
8.700000 
9.600000 
7.900000 
8.300000 
9.400000 
13.100000 
8.700000 
12.300000 
7.600000 
10.000000 
9.500000 
14.700000 
12.100000 
8.600000 
13.800000 
10.500000 
12.900000 
8.600000 
8.400000 
13.100000 
12.700000 
14.300000 
7.600000 
14.300000 
9.400000 
14.300000 
9.200000 
13.200000 
12.900000 
7.800000 
11.700000 
10.400000 
12.500000 
8.700000 
10.300000 
14.100000 
13.500000 
14.900000 
11.700000 
10.300000 
9.600000 
13.100000 
11.500000 
8.600000 
11.200000 
10.700000 
14.500000 
9.100000 
11.000000 
9.100000 
12.000000 
11.400000 
13.400000 
11.100000 
