8.000000 
11.000000 
13.800000 
10.100000 
11.500000 
9.500000 
14.300000 
8.800000 
11.500000 
8.700000 
7.800000 
7.900000 
8.000000 
10.500000 
14.500000 
12.800000 
9.800000 
8.400000 
14.300000 
9.100000 
11.900000 
11.900000 
11.100000 
8.200000 
10.000000 
8.300000 
9.600000 
11.100000 
10.200000 
14.200000 
8.400000 
9.700000 
11.100000 
13.800000 
13.700000 
11.900000 
7.800000 
9.500000 
11.800000 
11.500000 
9.800000 
9.200000 
8.700000 
14.000000 
9.100000 
7.500000 
12.400000 
8.300000 
11.200000 
8.200000 
14.700000 
11.900000 
8.300000 
10.600000 
13.300000 
12.500000 
11.300000 
9.600000 
11.500000 
13.600000 
10.400000 
13.700000 
12.200000 
10.300000 
