13.400000 
9.900000 
12.300000 
11.200000 
11.200000 
9.100000 
8.100000 
14.900000 
12.700000 
10.300000 
11.300000 
8.000000 
10.100000 
9.400000 
13.600000 
13.800000 
9.300000 
8.200000 
12.500000 
8.500000 
14.100000 
7.700000 
11.000000 
9.500000 
11.600000 
8.800000 
9.700000 
13.900000 
14.300000 
8.200000 
8.600000 
13.100000 
13.700000 
14.800000 
9.900000 
8.800000 
12.400000 
7.600000 
12.200000 
14.700000 
9.300000 
14.800000 
7.600000 
12.200000 
11.600000 
13.300000 
8.300000 
10.100000 
11.900000 
8.200000 
10.600000 
13.200000 
11.200000 
14.300000 
13.900000 
13.300000 
9.000000 
11.800000 
13.200000 
12.200000 
10.900000 
8.700000 
11.500000 
8.200000 
