13.100000 
8.400000 
12.000000 
14.100000 
12.300000 
11.400000 
10.800000 
13.400000 
10.200000 
13.100000 
9.900000 
12.800000 
7.800000 
13.600000 
14.800000 
8.200000 
14.700000 
10.000000 
11.100000 
13.300000 
8.600000 
8.700000 
9.700000 
11.500000 
11.600000 
7.600000 
7.800000 
13.300000 
9.100000 
14.300000 
12.000000 
13.900000 
12.000000 
14.900000 
9.300000 
11.400000 
10.700000 
8.700000 
11.800000 
13.600000 
13.900000 
11.200000 
14.000000 
13.000000 
11.400000 
14.500000 
11.800000 
9.100000 
10.600000 
11.500000 
9.100000 
12.700000 
12.400000 
11.700000 
10.900000 
9.900000 
14.600000 
12.600000 
12.100000 
11.700000 
12.000000 
11.300000 
12.800000 
14.500000 
