7.600000 
8.300000 
13.400000 
12.700000 
12.500000 
10.600000 
12.400000 
11.100000 
12.100000 
13.200000 
13.800000 
14.200000 
9.900000 
11.000000 
8.100000 
9.400000 
13.600000 
14.800000 
8.800000 
13.100000 
12.400000 
9.700000 
10.400000 
8.600000 
13.200000 
13.200000 
7.700000 
12.500000 
12.900000 
11.000000 
11.600000 
11.900000 
11.200000 
9.800000 
11.600000 
11.600000 
11.800000 
7.900000 
11.200000 
11.400000 
12.200000 
12.500000 
10.500000 
12.800000 
11.400000 
9.900000 
9.700000 
8.600000 
12.200000 
9.100000 
8.600000 
11.600000 
9.200000 
13.100000 
10.500000 
10.100000 
12.600000 
12.200000 
12.500000 
12.100000 
11.200000 
11.100000 
8.900000 
10.900000 
